,x,y
0,693645.919594833,1200242.761501573
1,693645.919594833,1200242.761501573
2,693645.919594833,1200242.761501573
3,693645.919594833,1200242.761501573
4,693645.919594833,1200242.761501573
5,693645.919594833,1200242.761501573
6,693645.919594833,1200242.761501573
7,693645.919594833,1200242.761501573
8,693645.919594833,1200242.761501573
9,693645.919594833,1200242.761501573
10,693645.919594833,1200242.761501573
11,693645.919594833,1200242.761501573
12,693645.919594833,1200242.761501573
13,693645.919594833,1200242.761501573
14,693645.919594833,1200242.761501573
15,693645.919594833,1200242.761501573
16,693645.919594833,1200242.761501573
17,693645.919594833,1200242.761501573
18,693645.919594833,1200242.761501573
19,693645.919594833,1200242.761501573
20,693645.919594833,1200242.761501573
21,693645.919594833,1200242.761501573
22,693645.919594833,1200242.761501573
23,693645.919594833,1200242.761501573
24,693645.919594833,1200242.761501573
25,693645.814887142,1200242.5465048451
26,693645.814887142,1200242.5464371855
27,693645.814887142,1200242.546368222
28,693645.814887142,1200242.5462990564
29,693645.814887142,1200242.5462318282
30,693645.814887142,1200242.5461627645
31,693645.6022249998,1200242.1098336698
32,693645.6022249965,1200242.1096205025
33,693645.6022249934,1200242.1094104315
34,693645.6022249898,1200242.10917452
35,693645.6022249867,1200242.1089639263
36,693645.6022249835,1200242.1087532758
37,693645.386839604,1200241.5590875095
38,693645.3868395808,1200241.558704079
39,693645.3868395562,1200241.5582964923
40,693645.3868395312,1200241.5578852221
41,693645.3868395083,1200241.5575052896
42,693645.3868394849,1200241.5571184333
43,693645.386839462,1200241.556738738
44,693645.0666620499,1200240.7897905943
45,693645.0666619359,1200240.789169501
46,693645.0666618234,1200240.7885563727
47,693645.066661695,1200240.787856454
48,693645.0666615799,1200240.787228673
49,693645.066661462,1200240.7865856343
50,693645.066661347,1200240.7859593825
51,693644.6385273746,1200239.7987126026
52,693644.6385269443,1200239.7977722324
53,693644.6385265148,1200239.7968332819
54,693644.6385260698,1200239.795860791
55,693644.6385256309,1200239.7949015847
56,693644.6385251919,1200239.7939422007
57,693644.1017132292,1200238.6929694188
58,693644.1017119711,1200238.6916616396
59,693644.1017106137,1200238.69025059
60,693644.1017093541,1200238.6889412524
61,693644.1017080835,1200238.6876205557
62,693644.1017068368,1200238.6863245857
63,693643.5634015366,1200237.2620691652
64,693643.5633985943,1200237.2603120287
65,693643.563395577,1200237.2585101218
66,693643.5633926031,1200237.256734033
67,693643.5633896138,1200237.2549488212
68,693643.5633866224,1200237.2531623393
69,693643.5633836859,1200237.2514086359
70,693643.129126682,1200236.1432098055
71,693643.129120655,1200236.1407366768
72,693643.1291154736,1200236.13861052
73,693643.1291104022,1200236.136529478
74,693643.1291053698,1200236.1344644718
75,693643.1291001979,1200236.1323422112
76,693642.909365823,1200235.1425681834
77,693642.9093588213,1200235.1401461242
78,693642.9093517156,1200235.1376880521
79,693642.909344781,1200235.1352891813
80,693642.9093377428,1200235.1328544917
81,693642.9093307211,1200235.130425502
82,693642.909323509,1200235.12793064
83,693642.9069201831,1200234.3610941016
84,693642.9069118978,1200234.3582284423
85,693642.9069041495,1200234.3555484891
86,693642.9068965175,1200234.3529087831
87,693642.9068889586,1200234.350294365
88,693642.9068812892,1200234.3476416944
89,693642.9112135922,1200233.58656707
90,693642.9112049441,1200233.5835573825
91,693642.91119649,1200233.5806151822
92,693642.9111881885,1200233.577726069
93,693642.9111796444,1200233.5747525769
94,693642.9111712928,1200233.5718460274
95,693643.0229202105,1200232.598423106
96,693643.0229109142,1200232.5947689011
97,693643.0229026886,1200232.5915356046
98,693643.0228943909,1200232.5882739322
99,693643.0228857417,1200232.5848740782
100,693643.0228775999,1200232.5816737148
101,693643.0228695,1200232.578489775
102,693643.3504937234,1200231.49757277
103,693643.3504883907,1200231.4939812662
104,693643.3504831628,1200231.490460432
105,693643.3504778426,1200231.4868773932
106,693643.3504725301,1200231.4832994905
107,693643.3504672972,1200231.4797752323
108,693643.6853860297,1200230.2862655597
109,693643.6853849083,1200230.282293543
110,693643.6853838048,1200230.2783844755
111,693643.6853827066,1200230.274493935
112,693643.6853815739,1200230.2704816014
113,693643.6853804719,1200230.2665779025
114,693644.0192569029,1200229.2857869056
115,693644.0192622145,1200229.2807670278
116,693644.0192667611,1200229.2764702216
117,693644.0192714116,1200229.2720752696
118,693644.0192758484,1200229.2678821818
119,693644.0192803782,1200229.2636011837
120,693644.0192850083,1200229.2592254514
121,693644.3537207051,1200228.184508023
122,693644.3537320213,1200228.1799020495
123,693644.3537435846,1200228.1751954553
124,693644.3537549577,1200228.17056629
125,693644.353766168,1200228.166003387
126,693644.3537773325,1200228.1614591356
127,693644.4756663084,1200227.1863709819
128,693644.4756815596,1200227.1813189234
129,693644.4756961628,1200227.1764815808
130,693644.475711401,1200227.1714338507
131,693644.475726027,1200227.1665889006
132,693644.4757413726,1200227.161505625
133,693644.4757564452,1200227.1565127214
134,693644.4856903141,1200226.0833149669
135,693644.485708576,1200226.0773307309
136,693644.4857248422,1200226.0720004707
137,693644.4857409637,1200226.0667176144
138,693644.4857573832,1200226.0613371455
139,693644.4857732453,1200226.0561392794
140,693644.4928668054,1200224.8701009178
141,693644.4928841536,1200224.8644508182
142,693644.4929015541,1200224.8587837033
143,693644.492918734,1200224.8531884137
144,693644.4929359915,1200224.847567827
145,693644.4929532218,1200224.8419561244
146,693644.3946232544,1200223.5455568081
147,693644.3946381792,1200223.539540656
148,693644.3946534713,1200223.5333764541
149,693644.3946685779,1200223.5272870052
150,693644.3946840583,1200223.521046918
151,693644.3946996514,1200223.5147613639
152,693644.291862059,1200222.4318913969
153,693644.2918736946,1200222.4255671983
154,693644.2918855343,1200222.419132028
155,693644.2918990992,1200222.4117591542
156,693644.2919108502,1200222.4053722026
157,693644.2919229687,1200222.398785536
158,693644.2919346945,1200222.3924122637
159,693644.2949172477,1200221.3251694874
160,693644.294930233,1200221.318139094
161,693644.2949427499,1200221.3113623576
162,693644.2949551651,1200221.3046406226
163,693644.2949676359,1200221.2978888538
164,693644.2949801808,1200221.2910969197
165,693644.3018774679,1200220.111955751
166,693644.3018908664,1200220.1048236534
167,693644.301904933,1200220.0973359335
168,693644.3019180064,1200220.0903768775
169,693644.3019314164,1200220.0832386748
170,693644.3019448952,1200220.0760638416
171,693644.2030029639,1200218.8945617669
172,693644.2030115374,1200218.886943165
173,693644.2030198522,1200218.8795545336
174,693644.2030282299,1200218.872109969
175,693644.2030378134,1200218.8635938182
176,693644.2030461177,1200218.8562144418
177,693644.2074262869,1200217.5704635466
178,693644.2074353207,1200217.5625934422
179,693644.2074442982,1200217.5547723759
180,693644.2074534984,1200217.5467572797
181,693644.2074628918,1200217.5385738402
182,693644.2074719493,1200217.530683144
183,693644.2074814528,1200217.5224037508
184,693644.1090974353,1200216.2422203922
185,693644.1091005073,1200216.2339445127
186,693644.1091035685,1200216.2256980538
187,693644.109106649,1200216.2173994402
188,693644.109109794,1200216.2089267548
189,693644.109113798,1200216.1981405409
190,693643.9003760123,1200215.1279776194
191,693643.9003617493,1200215.119260546
192,693643.9003471187,1200215.1103188396
193,693643.9003328308,1200215.1015866043
194,693643.9003183785,1200215.092753832
195,693643.9003029632,1200215.0833325349
196,693643.474444862,1200214.3406587096
197,693643.4743976765,1200214.3317235718
198,693643.4743514343,1200214.3229670313
199,693643.4743041174,1200214.314006995
200,693643.4742573265,1200214.305146552
201,693643.4742088856,1200214.295973683
202,693643.042400192,1200213.4562558858
203,693643.0423143494,1200213.4467969465
204,693643.0422321991,1200213.4377448512
205,693643.0421476626,1200213.428429823
206,693643.0420615025,1200213.4189358915
207,693643.0419782362,1200213.4097608312
208,693642.6101650589,1200212.5687848907
209,693642.6100404202,1200212.5592101868
210,693642.6099187491,1200212.549863446
211,693642.6097929024,1200212.540195934
212,693642.6096676432,1200212.5305735583
213,693642.609545236,1200212.5211702704
214,693642.495793003,1200211.6831008906
215,693642.4956403453,1200211.6721854801
216,693642.4955028695,1200211.6623556176
217,693642.4953677988,1200211.6526977334
218,693642.4952312341,1200211.642933014
219,693642.4950958501,1200211.6332527206
220,693642.4949598976,1200211.6235317776
221,693642.3894042126,1200211.118700833
222,693642.38925897,1200211.108978927
223,693642.3891113463,1200211.0990976323
224,693642.3889644584,1200211.089265584
225,693642.3888195837,1200211.079568301
226,693642.3886662838,1200211.0693070686
227,693642.2832724741,1200210.5649468277
228,693642.2831137751,1200210.5549732263
229,693642.2829542629,1200210.5449485169
230,693642.2827940958,1200210.534882652
231,693642.2826355466,1200210.5249184654
232,693642.2824785983,1200210.5150548809
233,693642.1771440855,1200210.0111971067
234,693642.176973438,1200210.001091921
235,693642.1767837057,1200209.9898565914
236,693642.176612786,1200209.979735288
237,693642.176442646,1200209.969660152
238,693642.1762680265,1200209.9593197587
239,693642.0710149615,1200209.4574004633
240,693642.0708296659,1200209.4470303187
241,693642.0706384287,1200209.4363276483
242,693642.0704561064,1200209.4261239052
243,693642.0702676345,1200209.4155759884
244,693642.0700793013,1200209.4050358369
245,693642.071467141,1200208.7970757394
246,693642.071278258,1200208.7864299298
247,693642.0710849814,1200208.7755364908
248,693642.0708996754,1200208.7650922863
249,693642.0707118143,1200208.754504078
250,693642.0705290883,1200208.7442052888
251,693642.4984277901,1200208.2430934124
252,693642.4982839132,1200208.232055421
253,693642.4981443582,1200208.221348988
254,693642.4980061179,1200208.2107434263
255,693642.4978547181,1200208.199128289
256,693642.4977165824,1200208.1885307513
257,693642.6182547332,1200208.1192944394
258,693642.6181239232,1200208.108133853
259,693642.6180002965,1200208.0975861384
260,693642.6178754687,1200208.0869359437
261,693642.6177499545,1200208.0762271888
262,693642.6176247128,1200208.0655416858
263,693642.6174984348,1200208.0547677684
264,693642.7291738808,1200207.9013974895
265,693642.7290612613,1200207.890709821
266,693642.7289475941,1200207.879922712
267,693642.7288342731,1200207.8691684615
268,693642.7287205177,1200207.858372994
269,693642.7286059484,1200207.84750028
270,693642.8391997394,1200207.7883950153
271,693642.8390973548,1200207.7774576286
272,693642.838994365,1200207.7664555886
273,693642.8388942985,1200207.7557658474
274,693642.8387944348,1200207.7450977534
275,693642.8386747907,1200207.732316591
276,693642.8482300438,1200206.8201117045
277,693642.848129875,1200206.8091847922
278,693642.848030157,1200206.798307055
279,693642.8479222488,1200206.7865358738
280,693642.8478217948,1200206.7755778567
281,693642.847720833,1200206.7645644438
282,693643.1695009571,1200206.2559901918
283,693643.1694401908,1200206.244773073
284,693643.1693803982,1200206.2337357115
285,693643.1693203012,1200206.2226421384
286,693643.1692565548,1200206.210874925
287,693643.1691965114,1200206.1997912715
288,693643.3976240176,1200205.167828578
289,693643.3975914175,1200205.1561910745
290,693643.3975591424,1200205.1446695288
291,693643.3975270899,1200205.1332274526
292,693643.3974928104,1200205.120990371
293,693643.3974605898,1200205.109488306
294,693643.4134401684,1200203.6333605496
295,693643.4134063965,1200203.6202116956
296,693643.4133751678,1200203.6080529864
297,693643.4133433152,1200203.5956514056
298,693643.4133120006,1200203.5834592413
299,693643.4132663435,1200203.5656829558
300,693643.527376767,1200202.299838118
301,693643.527362056,1200202.2874299202
302,693643.5273474236,1200202.2750881473
303,693643.5273324708,1200202.2624760245
304,693643.5273173584,1200202.249729391
305,693643.5273023312,1200202.2370544965
306,693643.4330700566,1200200.8645357077
307,693643.4330397728,1200200.8517510141
308,693643.4330097049,1200200.8390574849
309,693643.4329788075,1200200.8260137467
310,693643.4329474814,1200200.8127890555
311,693643.432917231,1200200.8000184665
312,693643.3329248249,1200199.3187233931
313,693643.3328771325,1200199.305402411
314,693643.3328291097,1200199.2919891716
315,693643.3327771017,1200199.277462793
316,693643.332729422,1200199.264145373
317,693643.3326824335,1200199.2510210155
318,693643.0213087024,1200197.6609912352
319,693643.0212040722,1200197.647198106
320,693643.0210983575,1200197.6332620215
321,693643.0209930716,1200197.6193824543
322,693643.0208884862,1200197.6055952352
323,693643.0207828135,1200197.5916646917
324,693643.0206789118,1200197.5779676044
325,693642.597792325,1200195.8915620022
326,693642.5975978,1200195.8773966583
327,693642.5973937577,1200195.8625382665
328,693642.5971998826,1200195.8484202544
329,693642.5970048186,1200195.8342156594
330,693642.1695655534,1200194.3343891497
331,693642.1692743677,1200194.319664018
332,693642.1689763217,1200194.3045919633
333,693642.1686774261,1200194.289476941
334,693642.1683861302,1200194.2747462397
335,693642.1680624052,1200194.258375611
336,693642.1677702203,1200194.2435999527
337,693641.8458750361,1200192.9969570385
338,693641.8455057843,1200192.9816787902
339,693641.8451384269,1200192.9664789273
340,693641.8447767628,1200192.9515146294
341,693641.8443910725,1200192.9355562227
342,693641.5254665609,1200191.6682731837
343,693641.5250238276,1200191.652740581
344,693641.5245713309,1200191.6368654429
345,693641.5241204932,1200191.6210485105
346,693641.5236776765,1200191.6055129766
347,693641.5232307776,1200191.5898342312
348,693641.522789966,1200191.5743690468
349,693641.5236080992,1200190.232598062
350,693641.5231556584,1200190.2163816646
351,693641.5227093821,1200190.2003862145
352,693641.5222630339,1200190.1843881852
353,693641.5218147427,1200190.168320519
354,693641.5213645207,1200190.1521836454
355,693641.531052032,1200188.9021631656
356,693641.5306102468,1200188.8858692693
357,693641.530163687,1200188.8693992728
358,693641.5297181562,1200188.852967233
359,693641.529269562,1200188.8364222064
360,693641.5288245098,1200188.8200078206
361,693641.7494402304,1200187.7902335033
362,693641.7490570708,1200187.773538279
363,693641.7486730953,1200187.7568074986
364,693641.7482910822,1200187.7401622331
365,693641.7478957443,1200187.722936366
366,693641.7475156009,1200187.7063725647
367,693641.973752855,1200186.7922095053
368,693641.9734377629,1200186.7752576682
369,693641.9731186692,1200186.7580905436
370,693641.9727814149,1200186.7399463796
371,693641.9724656843,1200186.722960188
372,693641.9721468546,1200186.7058072633
373,693641.987584183,1200185.5821136343
374,693641.9872679069,1200185.564499355
375,693641.9869077859,1200185.544443233
376,693641.9865995953,1200185.5272792587
377,693641.9862893476,1200185.5100007209
378,693641.9859673704,1200185.4920689363
379,693641.994878529,1200184.3654020892
380,693641.994569718,1200184.3477041393
381,693641.9942577777,1200184.3298268442
382,693641.9939476517,1200184.3120535312
383,693641.9936341133,1200184.2940846554
384,693641.9933249028,1200184.2763638103
385,693642.1079292257,1200183.1492104228
386,693642.1076573908,1200183.1310456821
387,693642.1073889358,1200183.1131067958
388,693642.1071109602,1200183.0945317203
389,693642.1068383459,1200183.0763148966
390,693642.1065626576,1200183.0578926622
391,693642.012972466,1200181.8245098833
392,693642.012658767,1200181.8054245184
393,693642.0123458537,1200181.7863869478
394,693642.0120409026,1200181.7678337926
395,693642.0116949215,1200181.7467843802
396,693642.0113880147,1200181.7281122368
397,693641.9109301529,1200180.6036135629
398,693641.9105738569,1200180.5837841788
399,693641.9102283531,1200180.5645554238
400,693641.9098918275,1200180.5458263475
401,693641.9095489214,1200180.5267421696
402,693641.9091858256,1200180.5065343487
403,693641.8080452174,1200179.4932277738
404,693641.8076606471,1200179.473534024
405,693641.8072878885,1200179.4544451488
406,693641.806916731,1200179.4354382644
407,693641.8065332382,1200179.4157996906
408,693641.8061521822,1200179.3962859078
409,693641.8117155519,1200178.2796934026
410,693641.8113394891,1200178.259886972
411,693641.810972491,1200178.2405579628
412,693641.8106052139,1200178.2212142476
413,693641.8102281837,1200178.201356871
414,693641.8098627215,1200178.1821087452
415,693641.8180714009,1200177.1701075062
416,693641.8177071931,1200177.1503158535
417,693641.8173342238,1200177.1300480855
418,693641.8169709207,1200177.1103055938
419,693641.8166102725,1200177.0907073796
420,693641.8162531448,1200177.0713004665
421,693641.7191782105,1200175.9559949972
422,693641.7187733927,1200175.9357270799
423,693641.718370335,1200175.9155472768
424,693641.7179680377,1200175.8954055477
425,693641.71755429,1200175.874690532
426,693641.7171510692,1200175.8545025701
427,693641.722346901,1200174.846376476
428,693641.7219396582,1200174.8254406685
429,693641.7215423011,1200174.8050130785
430,693641.7211290515,1200174.7837684734
431,693641.720726945,1200174.7630967181
432,693641.7203249352,1200174.7424299344
433,693641.7293111017,1200173.6328135293
434,693641.7289131301,1200173.6116677837
435,693641.7284792282,1200173.5886129225
436,693641.7280834131,1200173.5675817574
437,693641.7276980631,1200173.5471066455
438,693641.7272978505,1200173.5258418259
439,693641.7363929356,1200172.4160006922
440,693641.7360077737,1200172.3948253158
441,693641.7356200363,1200172.373508344
442,693641.7352197536,1200172.351501665
443,693641.7348355055,1200172.3303765324
444,693641.7344482042,1200172.3090835405
445,693641.6381464191,1200171.0913658005
446,693641.6377178382,1200171.0697232408
447,693641.6372908113,1200171.0481591572
448,693641.6368582014,1200171.0263131408
449,693641.63642878,1200171.0046281458
450,693641.6359937412,1200170.982659474
451,693641.5366258922,1200169.7633620691
452,693641.5361606496,1200169.74164323
453,693641.5356918728,1200169.7197593972
454,693641.5352175348,1200169.6976159508
455,693641.5347060923,1200169.673740367
456,693641.5342320076,1200169.6516087481
457,693641.4350024342,1200168.435197473
458,693641.4344890676,1200168.4128939922
459,693641.4339721021,1200168.3904341517
460,693641.4334616148,1200168.3682557584
461,693641.4329497986,1200168.3460196322
462,693641.4324393251,1200168.3238418403
463,693641.2274200656,1200167.1065168222
464,693641.2268061467,1200167.0837253968
465,693641.2261902352,1200167.060859997
466,693641.2255845173,1200167.038373028
467,693641.2249423397,1200167.014532512
468,693641.2243351068,1200166.9919892978
469,693640.9099576306,1200165.8842487154
470,693640.9091626406,1200165.8606100425
471,693640.9083830372,1200165.8374288843
472,693640.9075871494,1200165.8137635181
473,693640.9068084229,1200165.7906084328
474,693640.9060249362,1200165.7673118096
475,693640.6956577192,1200164.558685614
476,693640.6947618437,1200164.5351674252
477,693640.6938511357,1200164.511259858
478,693640.6929577644,1200164.4878074082
479,693640.6920365581,1200164.4636242422
480,693640.3792657602,1200163.1230413264
481,693640.3782193873,1200163.099406373
482,693640.3771637882,1200163.0755630233
483,693640.3760393346,1200163.050164421
484,693640.3749470871,1200163.0254932756
485,693640.3739007713,1200163.0018596086
486,693640.2709331035,1200161.7908289027
487,693640.2698277306,1200161.7665062922
488,693640.2687306987,1200161.7423672164
489,693640.2676293924,1200161.718134087
490,693640.2664953455,1200161.6931805345
491,693640.2653370474,1200161.6676933595
492,693640.1697207052,1200160.3553313508
493,693640.1685777243,1200160.3306796176
494,693640.1673966593,1200160.305206492
495,693640.1661316308,1200160.2779224494
496,693640.1649735825,1200160.252945748
497,693640.1638358088,1200160.2284063247
498,693640.0681072627,1200159.023852902
499,693640.0669135328,1200158.998639113
500,693640.0657380992,1200158.973811776
501,693640.06456985,1200158.9491361869
502,693640.0633838472,1200158.9240856115
503,693640.062203145,1200158.8991469925
504,693639.967111761,1200157.5885504358
505,693639.9658859617,1200157.563102669
506,693639.964663232,1200157.537718628
507,693639.9634178597,1200157.5118645248
508,693639.9621732137,1200157.4860254964
509,693639.960940351,1200157.4604310922
510,693639.8655028762,1200156.2570308973
511,693639.8642289982,1200156.2311056114
512,693639.8629750374,1200156.2055856688
513,693639.8617135949,1200156.1799134617
514,693639.8604424499,1200156.1540437974
515,693639.8590433979,1200156.1255710365
516,693639.7651238979,1200154.714376832
517,693639.7638179621,1200154.6881384419
518,693639.7624776846,1200154.6612100704
519,693639.761149089,1200154.6345164056
520,693639.7598409014,1200154.608232771
521,693639.7585094556,1200154.5814818435
522,693639.7707452446,1200153.1658413166
523,693639.7693877443,1200153.137321374
524,693639.7681235331,1200153.1107613598
525,693639.7668382832,1200153.0837593374
526,693639.7655613461,1200153.0569319623
527,693639.764279346,1200153.0299982177
528,693639.9909552326,1200151.7254728253
529,693639.9898876005,1200151.6985385655
530,693639.9887288242,1200151.669304915
531,693639.9876403591,1200151.64184508
532,693639.9865587516,1200151.614558247
533,693639.985479343,1200151.5873268913
534,693640.4291405969,1200150.3969426092
535,693640.4283216692,1200150.3655929386
536,693640.4276094405,1200150.3383278504
537,693640.4268910446,1200150.3108266722
538,693640.4261712953,1200150.2832736874
539,693640.7669245009,1200149.2864749457
540,693640.7664770426,1200149.2586187369
541,693640.7660195109,1200149.2301354192
542,693640.7655678573,1200149.2020180398
543,693640.7651249547,1200149.174445452
544,693640.7646739022,1200149.1463654893
545,693641.10153938,1200148.1811410664
546,693641.1013665836,1200148.15190929
547,693641.1012010548,1200148.1239069477
548,693641.101035016,1200148.0958183557
549,693641.1008686016,1200148.0676662114
550,693641.1006997185,1200148.0390964379
551,693641.5432851162,1200146.8630144517
552,693641.5434829067,1200146.8345086374
553,693641.5436803462,1200146.806053406
554,693641.5438790992,1200146.7774088718
555,693641.5440988948,1200146.7457316571
556,693641.5442994187,1200146.7168319086
557,693641.7751998529,1200145.7513616397
558,693641.7755835577,1200145.7226248556
559,693641.7759655152,1200145.6940189325
560,693641.7763474417,1200145.6654153324
561,693641.7767441325,1200145.635705995
562,693641.7771407509,1200145.6060020777
563,693641.6839501964,1200144.4300168445
564,693641.6842581385,1200144.3997745386
565,693641.6845740174,1200144.3687527878
566,693641.6848798117,1200144.3387214183
567,693641.6851790826,1200144.309330699
568,693641.6854755349,1200144.2802167847
569,693641.5826378628,1200143.1020093095
570,693641.5828433894,1200143.0717116985
571,693641.5830424792,1200143.0423629475
572,693641.5832519379,1200143.0114856984
573,693641.583454335,1200142.981649416
574,693641.5836563604,1200142.9518679213
575,693641.2715862867,1200141.343772635
576,693641.2714379427,1200141.310794315
577,693641.2713014806,1200141.2804574347
578,693641.2711680891,1200141.2508031828
579,693641.2710317799,1200141.2205003125
580,693640.8461681416,1200139.8942905
581,693640.8456139299,1200139.8627044957
582,693640.8450622823,1200139.8312646279
583,693640.8445167857,1200139.8001753234
584,693640.8439825684,1200139.7697288552
585,693640.8434206642,1200139.7377044414
586,693640.7325667943,1200138.883013379
587,693640.7319325095,1200138.8520666785
588,693640.7312253029,1200138.817562134
589,693640.7305936485,1200138.7867437708
590,693640.7299534411,1200138.755508104
591,693640.7293072091,1200138.7239785034
592,693640.7333974544,1200138.1012495693
593,693640.732770502,1200138.0698569987
594,693640.7321364123,1200138.0381070506
595,693640.7314381866,1200138.0031457036
596,693640.7308141956,1200137.9719014154
597,693640.7301987062,1200137.9410828147
598,693640.7390423716,1200137.112249354
599,693640.7384294368,1200137.0802625373
600,693640.737806265,1200137.0477414872
601,693640.7372034385,1200137.0162821843
602,693640.7365943829,1200136.9844978054
603,693640.7359787923,1200136.9523723905
604,693640.9573829946,1200136.0109377825
605,693640.9570100212,1200135.9786282072
606,693640.9566425681,1200135.94679684
607,693640.956280097,1200135.9153970473
608,693640.9559056358,1200135.882958593
609,693641.2876993924,1200135.0149312213
610,693641.2876775202,1200134.982856947
611,693641.2876554345,1200134.9504697279
612,693641.2876324963,1200134.9168324398
613,693641.2876089425,1200134.8822922292
614,693641.2875864633,1200134.8493278578
615,693641.8340282104,1200133.9139682557
616,693641.8346423336,1200133.8809134057
617,693641.835250105,1200133.8482004309
618,693641.8358719592,1200133.8147294598
619,693641.8364933804,1200133.7812817986
620,693641.8370924745,1200133.7490358807
621,693641.8560595182,1200133.0223896368
622,693641.8566693469,1200132.989888546
623,693641.857275978,1200132.9575578729
624,693641.8579085814,1200132.9238429905
625,693641.8585205473,1200132.891227998
626,693641.8617158753,1200132.1383119475
627,693641.8623227682,1200132.1053385108
628,693641.8629335129,1200132.0721557941
629,693641.863538375,1200132.0392926892
630,693641.8641489747,1200132.0061178533
631,693641.864768648,1200131.972450027
632,693642.0769496049,1200131.5751196656
633,693642.0778126243,1200131.5407225213
634,693642.0786439208,1200131.507589745
635,693642.0795564313,1200131.4712200456
636,693642.0803860524,1200131.4381540464
637,693642.0812189581,1200131.4049571294
638,693640.6039655169,1200130.9057300957
639,693640.6031584258,1200130.8727954791
640,693640.602335615,1200130.8392193937
641,693640.6014943382,1200130.804889781
642,693640.6006724356,1200130.7713507542
643,693640.5998507708,1200130.7378214332
644,693639.922887132,1200130.7740663413
645,693639.9211488256,1200130.7386983745
646,693639.9195030982,1200130.7052140443
647,693639.9178776795,1200130.6721429161
648,693639.91624399,1200130.6389035117
649,693639.1605996257,1200130.6596041627
650,693639.1578578597,1200130.6225452453
651,693639.1554074886,1200130.5894249484
652,693639.1529741014,1200130.5565342137
653,693639.1505321246,1200130.5235273784
654,693639.1480779792,1200130.4903560677
655,693638.2897099389,1200130.5427649568
656,693638.2861683635,1200130.509192121
657,693638.2826988443,1200130.4763023516
658,693638.279261237,1200130.4437150953
659,693638.275783023,1200130.410742902
660,693638.272325806,1200130.3779697535
661,693637.8393477515,1200130.429715427
662,693637.8354141489,1200130.39700622
663,693637.831475074,1200130.364251509
664,693637.8275770411,1200130.3318380753
665,693637.8235954511,1200130.2987298367
666,693637.8196024956,1200130.2655270905
667,693637.7193511567,1200130.4256267848
668,693637.7152844274,1200130.3928932843
669,693637.7111667148,1200130.3597494145
670,693637.7070922838,1200130.326953922
671,693637.70301449,1200130.2941313626
672,693637.698878662,1200130.2608416807
673,693637.8215661783,1200130.4260858234
674,693637.8174859242,1200130.3923079832
675,693637.8131142159,1200130.3561173778
676,693637.809091347,1200130.3228145943
677,693637.8050480512,1200130.289342708
678,693638.2480673138,1200130.5365521414
679,693638.2443726417,1200130.5016683412
680,693638.2408347132,1200130.4682644599
681,693638.2374092974,1200130.4359228835
682,693638.2338503592,1200130.4023206355
683,693638.230412872,1200130.3698650855
684,693638.4731816405,1200130.5403165792
685,693638.4699632424,1200130.5075048916
686,693638.4667071843,1200130.4743092589
687,693638.463376147,1200130.44034921
688,693638.4601943864,1200130.407911044
689,693638.457009729,1200130.3754433438
690,693638.6921335352,1200130.5417797277
691,693638.6890638322,1200130.5080014328
692,693638.6860619173,1200130.4749690637
693,693638.6830698554,1200130.442045114
694,693638.6800261642,1200130.4085530464
695,693639.1241314654,1200130.3307946974
696,693639.1216170104,1200130.29709061
697,693639.1191638521,1200130.2642081499
698,693639.116755597,1200130.2319275795
699,693639.1143003651,1200130.1990173263
700,693639.1118787621,1200130.1665578391
701,693639.4591557926,1200129.6821012348
702,693639.4571400244,1200129.6495837152
703,693639.4550512054,1200129.6158877718
704,693639.4530438785,1200129.5835064258
705,693639.4510024072,1200129.5505742757
706,693639.4489127765,1200129.5168652385
707,693639.8978171697,1200128.9141048037
708,693639.8962301363,1200128.8796677287
709,693639.8947108567,1200128.8467008448
710,693639.8932045288,1200128.814015001
711,693639.8916920085,1200128.781194785
712,693639.8901714742,1200128.7482006752
713,693640.3397095628,1200128.1423960174
714,693640.338691882,1200128.1086743122
715,693640.3376066881,1200128.072715508
716,693640.3366135648,1200128.0398075343
717,693640.3356064694,1200128.0064365906
718,693640.676396271,1200127.26375767
719,693640.6757705907,1200127.2296637911
720,693640.6751642083,1200127.196621473
721,693640.674551834,1200127.163252655
722,693640.6739312966,1200127.1294390142
723,693640.6733230856,1200127.0962970557
724,693641.0097419305,1200126.379842328
725,693641.009513148,1200126.3451137342
726,693641.0092894336,1200126.3111544591
727,693641.0090664685,1200126.277308925
728,693641.0088461406,1200126.243863723
729,693641.0086060655,1200126.2074209554
730,693640.9210439984,1200125.17256456
731,693640.9207233522,1200125.1382829375
732,693640.9203956351,1200125.1032453286
733,693640.9200776024,1200125.0692431314
734,693640.9197607454,1200125.0353666306
735,693640.5006862852,1200124.0617835114
736,693640.4998415788,1200124.0272756137
737,693640.4990039329,1200123.9930561567
738,693640.498146848,1200123.9580425753
739,693640.4973076382,1200123.9237592232
740,693640.4964727854,1200123.8896538645
741,693640.5972676208,1200123.3837937391
742,693640.5965570853,1200123.349083596
743,693640.5958345172,1200123.3137856582
744,693640.595116886,1200123.2787288905
745,693640.5944151729,1200123.2444497356
746,693640.5937018216,1200123.209602043
747,693640.2855221225,1200122.8249156224
748,693640.2844536478,1200122.790546832
749,693640.2833917504,1200122.7563896095
750,693640.2823229611,1200122.7220107005
751,693640.2812401593,1200122.6871810593
752,693640.1729934084,1200122.2721476236
753,693640.1717678022,1200122.236606405
754,693640.1704715583,1200122.1990167727
755,693640.1690651083,1200122.1582312833
756,693640.167863568,1200122.1233879467
757,693640.1666687762,1200122.0887403125
758,693640.4891952681,1200121.9338683963
759,693640.4884093722,1200121.899261163
760,693640.4876195927,1200121.864482918
761,693640.4868361738,1200121.8299847625
762,693640.4860473389,1200121.795248115
763,693640.4852374282,1200121.759583382
764,693640.8188284481,1200121.603973911
765,693640.8184496138,1200121.5692335994
766,693640.8180576183,1200121.533286378
767,693640.8176808227,1200121.4987330264
768,693640.8172879795,1200121.4627080592
769,693640.8169070963,1200121.4277798622
770,693641.1501158098,1200121.0595596016
771,693641.1501587773,1200121.0245995123
772,693641.1502017858,1200120.989605997
773,693641.1502449439,1200120.9544908474
774,693641.1502875861,1200120.9197953823
775,693641.5880453847,1200120.4030180331
776,693641.5887009893,1200120.3679171004
777,693641.5893500588,1200120.3331660482
778,693641.5900025092,1200120.298233991
779,693641.5906624355,1200120.2629016708
780,693641.5913448769,1200120.226363896
781,693642.2424742507,1200119.527865744
782,693642.2439723753,1200119.4912560903
783,693642.2454027418,1200119.4563022393
784,693642.2468833223,1200119.420121312
785,693642.2483230175,1200119.3849394948
786,693642.2497469729,1200119.3501423118
787,693643.0096095733,1200118.6474605326
788,693643.0120507512,1200118.611290046
789,693643.0145357752,1200118.574469903
790,693643.0169024343,1200118.5394035492
791,693643.0192916845,1200118.5040024668
792,693643.8861480635,1200117.7686606369
793,693643.8895894557,1200117.7331835288
794,693643.8930173422,1200117.6978456506
795,693643.8968866919,1200117.6579567539
796,693643.9003543607,1200117.6222087631
797,693643.9038056756,1200117.5866293637
798,693644.5543275111,1200116.8864254528
799,693644.5585624897,1200116.8504710232
800,693644.5627399951,1200116.8150045336
801,693644.5670402892,1200116.7784955835
802,693644.5712528611,1200116.742731384
803,693645.3211162722,1200116.1142424778
804,693645.3261708185,1200116.0787301986
805,693645.331229981,1200116.0431854872
806,693645.3364896744,1200116.0062318838
807,693645.3416271757,1200115.9701367791
808,693645.3466601347,1200115.934776168
809,693646.3031735806,1200115.3444144889
810,693646.309565195,1200115.3077852405
811,693646.3158136739,1200115.271976278
812,693646.3220278269,1200115.2363640312
813,693646.3282359812,1200115.200786162
814,693646.3347162431,1200115.16364889
815,693647.1865158723,1200114.4677994845
816,693647.19389851,1200114.431752196
817,693647.2018658393,1200114.3928500274
818,693647.2093306043,1200114.356401735
819,693647.2167232385,1200114.320305637
820,693647.224150762,1200114.2840391842
821,693648.1733253333,1200113.4815139484
822,693648.1819160524,1200113.4448300628
823,693648.1903435086,1200113.4088433378
824,693648.1990366317,1200113.3717221685
825,693648.2078016174,1200113.3342941334
826,693649.0558760992,1200112.706679419
827,693649.0654978158,1200112.6697826441
828,693649.0753977194,1200112.6318190948
829,693649.084869085,1200112.5954988769
830,693649.0941258064,1200112.5600017637
831,693649.103814568,1200112.5228478885
832,693649.8297513416,1200111.9355045494
833,693649.8399647258,1200111.8994108008
834,693649.8502927268,1200111.8629120004
835,693649.8619502276,1200111.8217147929
836,693649.8723504752,1200111.7849606755
837,693650.2799257279,1200111.4863137621
838,693650.2908893516,1200111.449258698
839,693650.3018396317,1200111.4122487328
840,693650.3124974881,1200111.3762271074
841,693650.3232337027,1200111.3399406453
842,693650.3337601102,1200111.3043632929
843,693650.0835469774,1200111.2558337955
844,693650.0943450901,1200111.2180298234
845,693650.1046089283,1200111.1820963353
846,693650.1151502047,1200111.1451915419
847,693650.1255434225,1200111.1088050986
848,693649.9717534172,1200111.1419594444
849,693649.9819930331,1200111.105394439
850,693649.9921283721,1200111.0692017998
851,693650.002186379,1200111.033285308
852,693650.0122284886,1200110.997425585
853,693650.0226580662,1200110.9601822384
854,693650.0329658528,1200110.9233737998
855,693650.0441994674,1200110.883259289
856,693650.0547392499,1200110.845622408
857,693650.0647425586,1200110.80990124
858,693650.0748073019,1200110.7739606935
859,693650.0848760868,1200110.7380057143
860,693650.1817888194,1200111.2388939112
861,693650.1923805008,1200111.2022737786
862,693650.2031621094,1200111.1649969842
863,693650.2145295336,1200111.1256947652
864,693650.2252091289,1200111.0887706755
865,693650.2908555513,1200111.464766162
866,693650.3013626246,1200111.429269406
867,693650.3119268415,1200111.3935795985
868,693650.3228674169,1200111.3566183138
869,693650.3335067929,1200111.3206745912
870,693650.3438503179,1200111.2857303622
871,693650.3992496015,1200111.6858694754
872,693650.4098171222,1200111.6509663241
873,693650.4208262567,1200111.6146045788
874,693650.4316168755,1200111.5789645633
875,693650.4435126749,1200111.5396742793
876,693650.4544149858,1200111.5036653585
877,693650.5080160891,1200111.800434137
878,693650.5186994165,1200111.7657881414
879,693650.5299796185,1200111.7292064838
880,693650.5409449728,1200111.6936458761
881,693650.5519152647,1200111.6580692555
882,693650.6163829492,1200111.9130116932
883,693650.627360862,1200111.878053389
884,693650.6380939373,1200111.843874751
885,693650.649043271,1200111.8090074547
886,693650.6604263,1200111.7727590897
887,693650.6716169356,1200111.7371233862
888,693650.6828323202,1200111.701408872
889,693650.6937353971,1200111.6666888772
890,693650.7046605712,1200111.6318985154
891,693650.7157866829,1200111.5964682836
892,693650.7269563999,1200111.5608991943
893,693650.7271468134,1200112.0178121894
894,693650.738405924,1200111.9825959953
895,693650.7509819525,1200111.943260752
896,693650.762159054,1200111.9083010657
897,693650.7732526554,1200111.8736025512
898,693650.7842561958,1200111.839185729
899,693650.8348709173,1200112.0271006685
900,693650.8462523503,1200111.991964862
901,693650.8572758917,1200111.9579339083
902,693650.8686949816,1200111.9226818506
903,693650.8801149753,1200111.887427003
904,693650.8384666444,1200111.921406204
905,693650.8501717973,1200111.8851405105
906,693650.8614136532,1200111.8503102353
907,693650.8728211438,1200111.8149667794
908,693650.88401649,1200111.7802806038
909,693650.8952298398,1200111.7455386475
910,693650.9062991595,1200111.7112429354
911,693650.9179220953,1200111.6752319727
912,693650.9292518696,1200111.6401293026
913,693650.9405144297,1200111.6052348798
914,693650.951719978,1200111.5705170953
915,693650.9643685287,1200111.5313285035
916,693650.9470415865,1200111.9109764032
917,693650.95852472,1200111.8758386585
918,693650.9700314404,1200111.8406287397
919,693650.9812675175,1200111.8062469738
920,693650.992554397,1200111.7717097558
921,693650.8425781869,1200111.8106223545
922,693650.853673265,1200111.7761172792
923,693650.864659988,1200111.741949182
924,693650.8756827301,1200111.7076690674
925,693650.8868438929,1200111.6729584725
926,693650.8978919378,1200111.638599668
927,693650.7330572449,1200111.9130728291
928,693650.7440652556,1200111.8785252539
929,693650.7550971073,1200111.8439028563
930,693650.766043897,1200111.8095474173
931,693650.7769898038,1200111.7751947495
932,693650.8346448204,1200112.0251186301
933,693650.8457227176,1200111.9909117895
934,693650.8573042775,1200111.955149716
935,693650.8697530909,1200111.916709697
936,693650.8807663165,1200111.882702552
937,693650.8917554022,1200111.8487699477
938,693651.0507442466,1200111.921456
939,693651.0621228424,1200111.8870516755
940,693651.0737227562,1200111.851978174
941,693651.0850366872,1200111.8177693703
942,693651.0965142538,1200111.7830657978
943,693651.7981899206,1200112.0309423918
944,693651.8103763761,1200111.9971232822
945,693651.8225890413,1200111.9632314374
946,693651.8349271846,1200111.9289913732
947,693651.8470667907,1200111.8953022775
948,693651.8597515553,1200111.860100291
949,693652.3491639304,1200112.4651868553
950,693652.3621459272,1200112.4316614862
951,693652.3750695185,1200112.3982869461
952,693652.388282008,1200112.3641663406
953,693652.4011492798,1200112.3309372428
954,693652.4141236282,1200112.2974316252
955,693652.5727261244,1200113.4445607753
956,693652.5865895525,1200113.411030482
957,693652.6000139579,1200113.3785620152
958,693652.6137561634,1200113.3453249128
959,693652.6278562122,1200113.311222325
960,693652.5737113284,1200114.4407971445
961,693652.5877287688,1200114.408200371
962,693652.6015651515,1200114.3760246371
963,693652.6153780638,1200114.3439034824
964,693652.6290631925,1200114.312079481
965,693652.6429163398,1200114.279864762
966,693652.7842168093,1200114.7936701886
967,693652.7986523329,1200114.7611650073
968,693652.8127337343,1200114.7294572198
969,693652.8270888275,1200114.6971331472
970,693652.8414504009,1200114.664794483
971,693652.7878887783,1200115.2343512173
972,693652.8022169624,1200115.2026502062
973,693652.8169302632,1200115.170097127
974,693652.8312588321,1200115.1383952647
975,693652.8468039233,1200115.1040018552
976,693652.8610701656,1200115.0724378899
977,693652.7853744022,1200115.7829608158
978,693652.8003873134,1200115.750431236
979,693652.8154033355,1200115.7178949157
980,693652.8301759281,1200115.685886052
981,693652.8450305712,1200115.6536994034
982,693651.8293573617,1200116.1170199416
983,693651.8430599953,1200116.085277699
984,693651.8566670334,1200116.053756904
985,693651.870328437,1200116.0221101714
986,693651.8841445447,1200115.9901050653
987,693651.8981306811,1200115.9577060866
988,693649.5742243706,1200116.2206286348
989,693649.5852883847,1200116.1889987916
990,693649.5965387374,1200116.1568362426
991,693649.6078942814,1200116.1243729726
992,693649.6190412461,1200116.0925059896
993,693647.3843463265,1200116.2124739212
994,693647.3931388459,1200116.1802182856
995,693647.4031077373,1200116.1436470924
996,693647.4119023934,1200116.111383618
997,693647.4208900648,1200116.0784120616
998,693645.1994748767,1200115.7709467825
999,693645.205801621,1200115.7384833677
1000,693645.2120910041,1200115.7062116573
1001,693645.2184723263,1200115.673468195
1002,693645.2249960334,1200115.6399941356
1003,693645.2315658821,1200115.606283317
1004,693642.9114162212,1200114.8858144723
1005,693642.9151860444,1200114.85225044
1006,693642.9188931463,1200114.8192448372
1007,693642.9226580365,1200114.7857247263
1008,693642.9264450754,1200114.7520074171
1009,693640.3012583827,1200114.0941594522
1010,693640.3019438812,1200114.0594754852
1011,693640.3026115539,1200114.0256934462
1012,693640.3033054736,1200113.990583393
1013,693640.3039977306,1200113.9555574714
1014,693640.3046783302,1200113.9211213763
1015,693638.9484263466,1200114.060885087
1016,693638.9473263613,1200114.0262725446
1017,693638.9462420344,1200113.992152714
1018,693638.945142422,1200113.9575519029
1019,693638.944040716,1200113.9228852163
1020,693638.160766541,1200114.699831625
1021,693638.1587552556,1200114.666759466
1022,693638.1567400553,1200114.6336229332
1023,693638.1547447013,1200114.6008127409
1024,693638.1527024229,1200114.5672309543
1025,693638.1505736358,1200114.5322266803
1026,693637.072196079,1200115.4629621268
1027,693637.0689759509,1200115.4303531246
1028,693637.065699876,1200115.3971775703
1029,693637.0624540002,1200115.3643078303
1030,693637.0592014912,1200115.3313709174
1031,693635.8671766794,1200116.4456780946
1032,693635.8624905503,1200116.4126219715
1033,693635.8576755334,1200116.37865667
1034,693635.8530924896,1200116.3463277153
1035,693635.8478535261,1200116.3093718789
1036,693635.8433038153,1200116.2772780566
1037,693635.610685594,1200117.6528688364
1038,693635.6057222498,1200117.621003939
1039,693635.6007543626,1200117.5891098755
1040,693635.5957970312,1200117.5572835805
1041,693635.5908879356,1200117.5257669615
1042,693635.4906474723,1200118.762826195
1043,693635.4853947649,1200118.731114085
1044,693635.4801262261,1200118.6993063956
1045,693635.4749540774,1200118.668080642
1046,693635.4697674982,1200118.636767767
1047,693635.4644721998,1200118.6047985228
1048,693634.739381698,1200119.7566543221
1049,693634.7333271868,1200119.7259419588
1050,693634.7271775537,1200119.6947470761
1051,693634.7209611712,1200119.6632135978
1052,693634.7146906677,1200119.6314055827
1053,693634.1807249979,1200120.7501734956
1054,693634.1737581494,1200120.718717948
1055,693634.1661991152,1200120.6845886628
1056,693634.1591115792,1200120.652588207
1057,693634.1521748572,1200120.6212686817
1058,693634.1455067332,1200120.5911618846
1059,693634.2602886776,1200122.2811992052
1060,693634.2533542371,1200122.2510363134
1061,693634.2460619053,1200122.2193166947
1062,693634.2387934083,1200122.1877007505
1063,693634.2318591524,1200122.1575386624
1064,693635.1006536704,1200124.049762945
1065,693635.0942232655,1200124.0200513739
1066,693635.0876862992,1200123.9898474375
1067,693635.0805864697,1200123.9570428014
1068,693635.0739880257,1200123.926554808
1069,693635.0675168064,1200123.8966546545
1070,693635.8589103733,1200125.7158397883
1071,693635.8530785439,1200125.6872726595
1072,693635.8471455252,1200125.6582098561
1073,693635.8412725877,1200125.6294413595
1074,693635.8353519014,1200125.6004389664
1075,693636.4043770045,1200127.1651133252
1076,693636.3986935749,1200127.1360639373
1077,693636.3931539111,1200127.107749371
1078,693636.3876313446,1200127.0795221932
1079,693636.3820942083,1200127.051220545
1080,693636.376483628,1200127.0225435074
1081,693636.8387703811,1200128.28368702
1082,693636.8332051211,1200128.2542807308
1083,693636.8278029612,1200128.2257362467
1084,693636.8223608064,1200128.196980433
1085,693636.8169105675,1200128.168181904
1086,693637.164059055,1200129.3929535698
1087,693637.1589255157,1200129.3653321983
1088,693637.1537310083,1200129.3373827839
1089,693637.1486315232,1200129.3099446436
1090,693637.1435424741,1200129.282562655
1091,693637.1384788285,1200129.2553173508
1092,693637.5928714848,1200130.2866510535
1093,693637.5878443313,1200130.2584452697
1094,693637.582782427,1200130.23004451
1095,693637.5771901498,1200130.1986679945
1096,693637.5721426925,1200130.1703482922
1097,693637.8132443422,1200131.1737934004
1098,693637.8085209102,1200131.1470286907
1099,693637.8037825782,1200131.120179552
1100,693637.7990359684,1200131.0932835082
1101,693637.7941155251,1200131.0654024596
1102,693637.8151317094,1200132.0590625533
1103,693637.8102554508,1200132.0320921598
1104,693637.8054778795,1200132.0056676017
1105,693637.8005185226,1200131.978237595
1106,693637.7956917365,1200131.9515408317
1107,693637.7909390302,1200131.9252538013
1108,693637.9159993066,1200132.943872641
1109,693637.9112554302,1200132.9178667634
1110,693637.9063532919,1200132.8909932962
1111,693637.901621866,1200132.8650556717
1112,693637.8967882694,1200132.8385579488
1113,693638.0208695957,1200133.7231373945
1114,693638.0161478837,1200133.697395439
1115,693638.0107648794,1200133.6680482319
1116,693638.0060372961,1200133.6422742666
1117,693638.0013077983,1200133.6164898635
1118,693637.996198705,1200133.5886359722
1119,693638.0195793645,1200134.496712558
1120,693638.0147288465,1200134.470819704
1121,693638.009861456,1200134.444836782
1122,693638.0049422889,1200134.418577468
1123,693638.0000092116,1200134.3922438992
1124,693637.9099920222,1200135.1641498853
1125,693637.904927932,1200135.1380068725
1126,693637.8997763549,1200135.111412215
1127,693637.8947405925,1200135.0854154427
1128,693637.8897990364,1200135.0599050045
1129,693637.8845947564,1200135.033038272
1130,693637.9020444342,1200135.9343573055
1131,693637.8970146272,1200135.908942271
1132,693637.8919426658,1200135.8833142351
1133,693637.8869488962,1200135.8580812933
1134,693637.8819423607,1200135.8327838464
1135,693638.0016601293,1200137.031587436
1136,693637.9965619005,1200137.00626887
1137,693637.9916801511,1200136.982025373
1138,693637.9867629198,1200136.9576056676
1139,693637.9816596411,1200136.9322620232
1140,693637.9985278873,1200138.1376729584
1141,693637.9933890142,1200138.1128713083
1142,693637.9879876229,1200138.0868026717
1143,693637.9828964925,1200138.0622314417
1144,693637.9779048823,1200138.0381405242
1145,693637.9728869128,1200138.013922389
1146,693637.7813478067,1200139.027513042
1147,693637.7762552625,1200139.0040732294
1148,693637.7709477089,1200138.9796437768
1149,693637.765641406,1200138.9552200818
1150,693637.7604664437,1200138.931400918
1151,693637.3478010988,1200139.5894227969
1152,693637.3423986889,1200139.5660857097
1153,693637.3369682963,1200139.5426277444
1154,693637.3314231895,1200139.5186742416
1155,693637.325288689,1200139.4921747022
1156,693637.1205113588,1200139.927123537
1157,693637.1148710368,1200139.9035773338
1158,693637.1091929431,1200139.879873448
1159,693637.1036472761,1200139.8567223933
1160,693637.0978496973,1200139.8325197033
1161,693637.0921919191,1200139.8089006268
1162,693636.4769219747,1200140.040484353
1163,693636.4708017047,1200140.0165829703
1164,693636.4647640069,1200139.9930040555
1165,693636.4588215232,1200139.9697969789
1166,693636.4528606369,1200139.9465180344
1167,693636.0332647908,1200140.042285327
1168,693636.0270445694,1200140.0189909372
1169,693636.0206634386,1200139.9950939503
1170,693636.0144869805,1200139.9719634517
1171,693636.0080539327,1200139.9478720385
1172,693635.8006786284,1200141.220150408
1173,693635.7939342625,1200141.1961694849
1174,693635.7874791346,1200141.1732170049
1175,693635.7802507586,1200141.1475150886
1176,693635.7737652299,1200141.124454512
1177,693635.767440637,1200141.1019661748
1178,693635.7851108274,1200142.649438027
1179,589893.5210686146,70300.07886721077
1180,589774.8579204035,69962.68958339537
1181,589658.9556178156,69633.15008059036
1182,589540.561667704,69296.52619492331
1183,682305.4719167005,1167928.3660985439
1184,682299.4612466799,1167927.2480173917
1185,682293.7501772003,1167926.1856667516
1186,682288.1305979914,1167925.140334771
1187,682282.4038788603,1167924.0750730443
1188,693119.9008222434,1200029.6434457991
1189,693120.2570640795,1200029.0322647607
1190,693120.6108933375,1200028.4252228262
1191,693120.9596459351,1200027.826890589
1192,693121.3098982434,1200027.2259853955
1193,693625.4019611336,1200145.3827118524
1194,693625.743502932,1200146.0417843754
1195,693626.1406878479,1200146.8082313105
1196,693626.4802039375,1200147.4633948272
1197,693626.8241273124,1200148.1270630737
1198,693636.6366029641,1200148.1015188948
1199,693635.8822613701,1200148.0833478973
1200,693635.1355058886,1200148.0653596383
1201,693634.3661509408,1200148.0468269908
1202,693633.5393838157,1200148.026911367
1203,693632.7736034759,1200148.0084648267
1204,693636.9000596864,1200149.641997169
1205,693636.3214018574,1200150.1493387308
1206,693635.7617608825,1200150.640007157
1207,693635.1943700924,1200151.137470278
1208,693634.6253250148,1200151.636383805
1209,693637.497739109,1200150.7300588356
1210,693637.2999566682,1200151.4425576348
1211,693637.1018777892,1200152.1561243336
1212,693636.9001940113,1200152.8826774545
1213,693636.6951064888,1200153.6214923512
1214,693637.6698915114,1200151.540864155
1215,693637.5970014775,1200152.3759517083
1216,693637.5300338017,1200153.1431879057
1217,693637.457853557,1200153.970143535
1218,693637.393042747,1200154.7126689223
1219,693637.3278177502,1200155.4599395727
1220,693637.8989003419,1200152.6710340208
1221,693637.9519319936,1200153.429364133
1222,693638.0044900747,1200154.180922386
1223,693638.0563818528,1200154.9229527907
1224,693638.1075963149,1200155.655297862
1225,693638.0204644987,1200154.17781554
1226,693638.0768428013,1200154.9032746216
1227,693638.1349670304,1200155.651199761
1228,693638.194256738,1200156.414121928
1229,693638.2510612116,1200157.1450648506
1230,693638.5497342764,1200155.83456154
1231,693638.7474597117,1200156.5522384127
1232,693638.9415856684,1200157.2568503874
1233,693639.1400854102,1200157.9773377322
1234,693639.343911125,1200158.7171565685
1235,693639.5680885435,1200159.5308452493
1236,693639.1129073477,1200157.4115704452
1237,693639.3576183451,1200158.1298809152
1238,693639.6049873828,1200158.8559936427
1239,693639.8480680307,1200159.5695184798
1240,693640.0984630475,1200160.304513491
1241,693639.3306189836,1200158.8318549814
1242,693639.484665836,1200159.5672321033
1243,693639.6369238351,1200160.2940697342
1244,693639.7927071644,1200161.0377363171
1245,693639.9438249712,1200161.759130984
1246,693639.6379898073,1200159.9494697587
1247,693639.8171263393,1200160.6789371632
1248,693639.9927614046,1200161.3941461372
1249,693640.167511741,1200162.1057523794
1250,693640.3459835561,1200162.8325129696
1251,693640.073176384,1200160.736780334
1252,693640.3312789381,1200161.4317809609
1253,693640.5870613466,1200162.1205340608
1254,693640.8440106519,1200162.812429299
1255,693641.1251986552,1200163.5695928193
1256,693641.3785312629,1200164.2517492657
1257,693640.6302534429,1200161.74563274
1258,693640.9423629033,1200162.4135593346
1259,693641.2539669165,1200163.0804042525
1260,693641.5708574095,1200163.7585624463
1261,693641.8842097726,1200164.4291489022
1262,693641.2763918606,1200162.9350018927
1263,693641.6262608361,1200163.6120810949
1264,693641.9591667939,1200164.2563328461
1265,693642.2954653552,1200164.9071500874
1266,693642.6236593634,1200165.5422831022
1267,693641.4991194138,1200164.2580268176
1268,693641.6995731033,1200164.954101422
1269,693641.8978163437,1200165.6425002513
1270,693642.1104302058,1200166.3808010048
1271,693642.313472661,1200167.0858650873
1272,693641.3696489618,1200165.6997226956
1273,693641.3913797722,1200166.4291573945
1274,693641.4152990591,1200167.2320523395
1275,693641.4387407969,1200168.018917467
1276,693641.4608312215,1200168.7604232815
1277,693641.4824406113,1200169.4857822724
1278,693641.3347762353,1200167.1662898834
1279,693641.329007028,1200167.933819086
1280,693641.3234536864,1200168.6726297517
1281,693641.3178818922,1200169.4138953262
1282,693641.3121765367,1200170.1729297647
1283,693641.4291139455,1200168.4751636973
1284,693641.4612849681,1200169.2332729325
1285,693641.4935343821,1200169.99322946
1286,693641.5246929174,1200170.7274794593
1287,693641.55607755,1200171.4670574379
1288,693641.7472882163,1200170.2322015082
1289,693641.8645543937,1200170.9620351172
1290,693641.9821012893,1200171.693615842
1291,693642.0994754353,1200172.4241214185
1292,693642.2169143624,1200173.1550301756
1293,693642.336836566,1200173.9013941875
1294,693642.5127842561,1200171.4905402884
1295,693642.8528219649,1200172.2350301992
1296,693643.1669405913,1200172.922772006
1297,693643.4684021869,1200173.5828020868
1298,693643.7812139688,1200174.2676826445
1299,693642.7669378469,1200171.9301282878
1300,693643.1166571361,1200172.65090667
1301,693643.4412483652,1200173.3198956226
1302,693643.766474355,1200173.9901928296
1303,693644.090760899,1200174.6585538203
1304,693642.9889532233,1200172.0493723394
1305,693643.3518193236,1200172.6802381733
1306,693643.7231789383,1200173.3258705232
1307,693644.0858133972,1200173.956333634
1308,693644.4517101378,1200174.5924684294
1309,693644.8157344445,1200175.225347879
1310,693643.3290830812,1200172.3904129558
1311,693643.725286208,1200172.9924823856
1312,693644.1245272461,1200173.5991682191
1313,693644.5323827812,1200174.2189446238
1314,693644.9275449453,1200174.819432209
1315,693643.5408100674,1200172.9166447609
1316,693643.9147635029,1200173.5588461536
1317,693644.2757463326,1200174.178772738
1318,693644.6352922989,1200174.796231754
1319,693645.0002847544,1200175.4230441886
1320,693643.5339346314,1200173.6857402609
1321,693643.7716525956,1200174.3553375383
1322,693644.0180732188,1200175.0494482208
1323,693644.2634108444,1200175.7405083461
1324,693644.5181924666,1200176.4581700554
1325,693642.6638787395,1200173.6083022703
1326,693642.6382467111,1200174.3253147597
1327,693642.6108116041,1200175.0927653161
1328,693642.5846724599,1200175.823963512
1329,693642.5586961699,1200176.5506061353
1330,693642.0677987004,1200173.3920566204
1331,693641.8387941064,1200174.076991564
1332,693641.6100634922,1200174.7611070545
1333,693641.3809066871,1200175.4464972494
1334,693641.1534059384,1200176.1269343083
1335,693640.90420598,1200176.872272017
1336,693642.4457794899,1200172.7611180232
1337,693642.267149328,1200173.4689860316
1338,693642.0907643471,1200174.1679569322
1339,693641.9163948732,1200174.8589408677
1340,693641.7433003245,1200175.5448725834
1341,693642.370497541,1200171.1097249936
1342,693642.0316487185,1200171.7721302465
1343,693641.7077799578,1200172.4052514324
1344,693641.3848077377,1200173.0366199985
1345,693641.0607648913,1200173.670081499
1346,693640.7343457772,1200174.3081882931
1347,693641.9140082906,1200169.6697285436
1348,693641.3286914873,1200170.0677191052
1349,693640.745109143,1200170.4645303083
1350,693640.1616214054,1200170.8612771828
1351,693641.5798151892,1200167.9371105412
1352,693640.8759841936,1200167.817661771
1353,693640.1653399323,1200167.697056706
1354,693639.4600824678,1200167.5773658468
1355,693638.6667030127,1200167.4427196027
1356,693637.9607510831,1200167.3229108842
1357,693641.3184220082,1200166.0903225704
1358,693640.9371197203,1200165.4807529023
1359,693640.5673573874,1200164.8896316066
1360,693640.1934225293,1200164.291839895
1361,693639.8155368743,1200163.6877322341
1362,693641.0808803248,1200164.3673376616
1363,693640.9190194458,1200163.6466119678
1364,693640.7658126713,1200162.9644208201
1365,693640.611486688,1200162.277246118
1366,693640.4567862484,1200161.588404056
1367,693640.6872158718,1200162.5844329793
1368,693640.5352980496,1200161.8977769546
1369,693640.3823024181,1200161.206249321
1370,693640.2221022673,1200160.4821578546
1371,693640.0648937542,1200159.7715883437
1372,693639.910836706,1200159.0752631943
1373,693640.0389557142,1200161.2189972643
1374,693639.7722589927,1200160.5466029048
1375,693639.480637605,1200159.8113686095
1376,693639.2194525318,1200159.152870189
1377,693638.9594200847,1200158.497277763
1378,693639.5888900566,1200160.4493232814
1379,693639.2736126472,1200159.781365144
1380,693638.9524306521,1200159.1008973378
1381,693638.6411434825,1200158.441393067
1382,693638.3363909364,1200157.795733286
1383,693639.3595339946,1200159.996631953
1384,693639.0471027069,1200159.3461845862
1385,693638.7414863465,1200158.7099251442
1386,693638.437498042,1200158.0770551343
1387,693638.1297054864,1200157.4362650944
1388,693637.8178959687,1200156.787112184
1389,693639.1375257963,1200159.213748825
1390,693638.8750054224,1200158.5600534992
1391,693638.6098486665,1200157.8997933855
1392,693638.3480524188,1200157.2479011882
1393,693638.0807514054,1200156.5823017135
1394,693638.7296379776,1200158.0264129166
1395,693638.4587107652,1200157.2885338066
1396,693638.2151367499,1200156.6251520216
1397,693637.9681590121,1200155.9525000877
1398,693637.7167512387,1200155.2677828067
1399,693638.302427154,1200156.6963118108
1400,693638.070390705,1200156.0071861495
1401,693637.8460741856,1200155.3409879273
1402,693637.6196910079,1200154.6686519315
1403,693637.3954525888,1200154.0026856598
1404,693637.7712624291,1200155.1532499485
1405,693637.5426676684,1200154.485842462
1406,693637.3155296241,1200153.8226880187
1407,693637.0842591375,1200153.1474684568
1408,693636.8564567331,1200152.482374341
1409,693636.6115150547,1200151.7672402344
1410,693637.2268849165,1200153.4730991183
1411,693637.0090590104,1200152.8071215537
1412,693636.7895275977,1200152.1359295994
1413,693636.5721222275,1200151.4712377747
1414,693636.3535545429,1200150.8029923076
1415,693637.0190082713,1200151.8298821982
1416,693636.9050477564,1200151.1360617587
1417,693636.7924500708,1200150.4505385687
1418,693636.6735553839,1200149.7266776415
1419,693636.5594336415,1200149.0318756078
1420,693636.82345518,1200150.2767837602
1421,693636.728828831,1200149.5812787951
1422,693636.6349077998,1200148.8909579257
1423,693636.5283542483,1200148.1077878587
1424,693636.4306614099,1200147.389744155
1425,693636.7216511663,1200148.937168291
1426,693636.6542525657,1200148.2438706204
1427,693636.5848114184,1200147.5295622346
1428,693636.5181975762,1200146.8443370038
1429,693636.4426759108,1200146.0674811918
1430,693636.4097348663,1200147.6088450148
1431,693636.282691394,1200146.925068438
1432,693636.1547831921,1200146.236637692
1433,693636.0270732286,1200145.5492739095
1434,693635.8989838779,1200144.8598681793
1435,693636.0831717363,1200146.0683012276
1436,693635.9418462453,1200145.381022018
1437,693635.800437925,1200144.6933400016
1438,693635.6540297313,1200143.9813431283
1439,693635.5151364077,1200143.305891778
1440,693635.3697824042,1200142.5990215314
1441,693635.865869463,1200144.3909810218
1442,693635.7633072281,1200143.6854599083
1443,693635.6639681936,1200143.0021110487
1444,693635.5627892488,1200142.3061055276
1445,693635.4607937599,1200141.6044830354
1446,693635.8821017862,1200142.5376824823
1447,693635.8733171655,1200141.8329268661
1448,693635.8645625424,1200141.1305778327
1449,693635.8555165482,1200140.4048532324
1450,693635.8466112398,1200139.6904153186
1451,693636.012203079,1200140.656541834
1452,693636.0546224024,1200139.9456827315
1453,693636.0970606046,1200139.2345072618
1454,693636.1383627533,1200138.54236967
1455,693636.183817105,1200137.7806498439
1456,693635.9230251589,1200139.2030605597
1457,693635.9071145155,1200138.5117110794
1458,693635.8912420097,1200137.8220187523
1459,693635.8750138391,1200137.1168720738
1460,693635.8590817702,1200136.4245916083
1461,693635.8431998371,1200135.734489648
1462,693635.7054827699,1200137.9594558252
1463,693635.6262794343,1200137.2541661954
1464,693635.5498450397,1200136.5735334232
1465,693635.4732902563,1200135.8918286138
1466,693635.3960193676,1200135.2037470308
1467,693635.5935173811,1200136.6563115856
1468,693635.5273855579,1200135.9681510944
1469,693635.4613301649,1200135.2807859292
1470,693635.396138613,1200134.602409798
1471,693635.3306768886,1200133.9212222816
1472,693635.3855041148,1200135.436143941
1473,693635.2858950878,1200134.7205315693
1474,693635.1884715018,1200134.02061987
1475,693635.083833913,1200133.2688812444
1476,693634.9899597495,1200132.5944693487
1477,693635.2757280279,1200134.3228780772
1478,693635.1945702065,1200133.6347323689
1479,693635.113025826,1200132.943308987
1480,693635.0325173367,1200132.2606690335
1481,693634.9526234325,1200131.5832402126
1482,693635.2821615641,1200133.2196579522
1483,693635.2447386371,1200132.530178289
1484,693635.2076971671,1200131.8477265837
1485,693635.1702521557,1200131.1578400389
1486,693635.1311146806,1200130.4367715542
1487,693635.0938784668,1200129.7507318915
1488,693635.2941864973,1200131.9833026815
1489,693635.2819097872,1200131.2668100707
1490,693635.2701682937,1200130.5815537416
1491,693635.2584359898,1200129.896833737
1492,693635.2466475975,1200129.2088403031
1493,693635.5195321526,1200130.8959866506
1494,693635.5873365796,1200130.1995796924
1495,693635.6606323237,1200129.4467724138
1496,693635.7284170558,1200128.7505677391
1497,693635.7948410441,1200128.068339016
1498,693635.6474722413,1200130.1102619595
1499,693635.7328229558,1200129.410309309
1500,693635.832762467,1200128.5907153992
1501,693635.9157971095,1200127.9097566227
1502,693636.002195305,1200127.2012136858
1503,693635.7643160057,1200129.334747906
1504,693635.8539847601,1200128.6576111265
1505,693635.9453469297,1200127.967686462
1506,693636.0350979357,1200127.2899285567
1507,693636.1283035087,1200126.5860833658
1508,693635.5581060095,1200128.4557552629
1509,693635.5446063583,1200127.7578851327
1510,693635.5308970487,1200127.049176624
1511,693635.5171514315,1200126.3385911805
1512,693635.5036037262,1200125.638236872
1513,693635.6501139674,1200127.6777870452
1514,693635.6708816689,1200126.9963944384
1515,693635.6938641216,1200126.2423353873
1516,693635.7154634048,1200125.533658414
1517,693635.7365060602,1200124.8432445116
1518,693635.7573599999,1200124.159022415
1519,693635.8751365688,1200127.0967804955
1520,693635.9625895572,1200126.4159564383
1521,693636.0510852669,1200125.7270147656
1522,693636.1380987226,1200125.0496124837
1523,693636.2259211055,1200124.3659126794
1524,693636.2140752814,1200126.4615575003
1525,693636.3839575619,1200125.7935321406
1526,693636.5560574264,1200125.1167866115
1527,693636.7299096788,1200124.4331501948
1528,693636.8972311242,1200123.775194766
1529,693636.4511878645,1200125.6957634587
1530,693636.6377414337,1200125.016716721
1531,693636.8183698967,1200124.359237108
1532,693637.0053743947,1200123.6785490098
1533,693637.1914188509,1200123.0013554213
1534,693636.6765028614,1200125.029476832
1535,693636.8976270126,1200124.2809104645
1536,693637.0933256665,1200123.6184164323
1537,693637.288915576,1200122.9562905303
1538,693637.4859968384,1200122.289115986
1539,693636.9008485397,1200124.5802667078
1540,693637.126523929,1200123.9178505295
1541,693637.3481496398,1200123.2673212143
1542,693637.5697282614,1200122.6169301185
1543,693637.7920544255,1200121.9643447907
1544,693637.0180260811,1200124.249789724
1545,693637.246497944,1200123.5835626638
1546,693637.480929634,1200122.8999566669
1547,693637.7030691805,1200122.252194727
1548,693637.9296372096,1200121.5915192717
1549,693638.1527996233,1200120.9407746375
1550,693637.4580351292,1200123.8992921358
1551,693637.7613207154,1200123.3055763005
1552,693638.0648711582,1200122.7113419785
1553,693638.372013718,1200122.1100756812
1554,693638.6775009243,1200121.5120499255
1555,693637.6891779536,1200123.596197316
1556,693638.0237427533,1200122.9905362611
1557,693638.3506566933,1200122.3987255208
1558,693638.6755239626,1200121.8106198588
1559,693639.0004351517,1200121.2224346888
1560,693638.0201082,1200123.0538459322
1561,693638.3758869189,1200122.429053592
1562,693638.7289096813,1200121.8091010593
1563,693639.0639424217,1200121.2207412762
1564,693639.3986250568,1200120.632996322
1565,693638.0329515086,1200122.3919470818
1566,693638.2777542713,1200121.7626930203
1567,693638.5296183993,1200121.1152880487
1568,693638.772549079,1200120.4908460889
1569,693639.0180152815,1200119.859886686
1570,693638.2365544784,1200121.6186507128
1571,693638.4553660891,1200120.9775902978
1572,693638.6754519673,1200120.3327966146
1573,693638.8952806538,1200119.688756435
1574,693639.1236960331,1200119.019559506
1575,693638.4560735705,1200120.9486860756
1576,693638.6737703066,1200120.3021179158
1577,693638.9013091469,1200119.6263183062
1578,693639.1177777821,1200118.983397656
1579,693639.3322284112,1200118.346470566
1580,693639.5723134839,1200117.633408136
1581,693638.8986831915,1200120.3744995734
1582,693639.1890021991,1200119.7505324255
1583,693639.4788798536,1200119.127513854
1584,693639.7623731077,1200118.518216934
1585,693639.4396825759,1200119.763759008
1586,693639.7924808435,1200119.179031181
1587,693640.1350935543,1200118.611184895
1588,693640.4985615185,1200118.0087731134
1589,693640.8467232164,1200117.4317299367
1590,693641.1936187024,1200116.8567853796
1591,693640.0187774216,1200119.1800826057
1592,693640.4288908838,1200118.6214333232
1593,693640.8419113662,1200118.0588241494
1594,693641.257093479,1200117.4932704412
1595,693641.7142623339,1200116.8705231377
1596,693640.6752153693,1200118.435031911
1597,693641.0938843976,1200117.910637307
1598,693641.5049616506,1200117.395751613
1599,693641.9364593214,1200116.8552887775
1600,693642.3489383054,1200116.3386473763
1601,693641.4422126489,1200117.565429704
1602,693641.8720882721,1200117.0550668628
1603,693642.3002404602,1200116.546750142
1604,693642.7315156516,1200116.0347256863
1605,693643.1606394406,1200115.525255448
1606,693642.2140651618,1200116.794854999
1607,693642.6647573548,1200116.3045348767
1608,693643.1326727575,1200115.7954771626
1609,693643.5835591516,1200115.3049457637
1610,693644.0484887125,1200114.799136427
1611,693642.9885981951,1200116.026057092
1612,693643.4553446008,1200115.5415235725
1613,693643.923234475,1200115.0558030084
1614,693644.3859290251,1200114.5754757554
1615,693644.8965995327,1200114.0453442421
1616,693643.7605717382,1200115.2573960351
1617,693644.2283149487,1200114.7819093892
1618,693644.7118583444,1200114.290360988
1619,693645.178158329,1200113.8163414602
1620,693645.6459517386,1200113.340803784
1621,693644.4230077561,1200114.811668816
1622,693644.9397699564,1200114.3583516763
1623,693645.4706541325,1200113.8926463746
1624,693645.9833718849,1200113.442877129
1625,693646.4878798111,1200113.0003097546
1626,693645.1945303347,1200114.3779242677
1627,693645.7538965693,1200113.9651640644
1628,693646.289374102,1200113.570031499
1629,693646.8218924811,1200113.1770825137
1630,693647.3577722289,1200112.7816531511
1631,693645.6472597638,1200113.9443301873
1632,693646.1660198572,1200113.5310993511
1633,693646.6884197361,1200113.1149691562
1634,693647.2240120947,1200112.6883301742
1635,693647.8201699277,1200112.2134463058
1636,693646.1951458259,1200113.4999463244
1637,693646.7231244864,1200113.0768209281
1638,693647.2688997121,1200112.6394332536
1639,693647.7970728707,1200112.2161519856
1640,693648.3167992597,1200111.7996400113
1641,693648.8317326629,1200111.3869691659
1642,693646.8637291429,1200113.0509003599
1643,693647.3935110068,1200112.6527805345
1644,693647.9192569789,1200112.2576935962
1645,693648.4511136323,1200111.8580146106
1646,693647.4903274908,1200112.6408967332
1647,693648.0366402296,1200112.2491315298
1648,693648.5758952984,1200111.8624274377
1649,693649.1110802997,1200111.4786420234
1650,693649.6640177227,1200111.0821262065
1651,693650.2954554888,1200110.62931717
1652,693648.2925505192,1200112.1788454351
1653,693648.853574392,1200111.8116382817
1654,693649.4064229724,1200111.4497821052
1655,693650.0172998076,1200111.0499446746
1656,693650.5766174034,1200110.6838543313
1657,693648.9392186056,1200111.6478891848
1658,693649.473241416,1200111.2659870894
1659,693650.0111395944,1200110.881313556
1660,693650.573701824,1200110.479001726
1661,693651.1274904512,1200110.0829642667
1662,693648.8504593126,1200111.519982153
1663,693649.3932327292,1200111.0695028373
1664,693649.9137863165,1200110.6374650537
1665,693650.4294006522,1200110.2095266432
1666,693650.9383204648,1200109.7871444076
1667,693648.6313443556,1200111.7242378222
1668,693649.148914061,1200111.3015673195
1669,693649.6609193828,1200110.8834409406
1670,693650.1795281378,1200110.459921904
1671,693650.6880471751,1200110.0446425804
1672,693648.5175864852,1200111.7307955842
1673,693649.0300475659,1200111.2850655722
1674,693649.5239343756,1200110.8554911483
1675,693650.058240501,1200110.3907606849
1676,693650.5521671982,1200109.9611515675
1677,693651.0550020997,1200109.523794244
1678,693651.5626899784,1200109.0822158828
1679,693652.0586110497,1200108.6508720925
1680,693652.5535349338,1200108.2203956386
1681,693653.0563166521,1200107.783084573
1682,693653.5589521163,1200107.3459007167
1683,693654.0879000232,1200106.8858307414
1684,693654.5758967813,1200106.461379385
1685,693655.0751019219,1200106.0271791664
1686,693655.5766072407,1200105.5909782916
1687,693648.7750795651,1200111.5941791649
1688,693649.3017876614,1200111.1633885056
1689,693649.813874405,1200110.7445565425
1690,693650.3396186052,1200110.3145542466
1691,693650.8439127244,1200109.9020958135
1692,693648.7346767847,1200111.6214190272
1693,693649.2346006992,1200111.2108184546
1694,693649.7415067155,1200110.7944832991
1695,693650.2927815544,1200110.3417068706
1696,693650.8284955071,1200109.9017110043
1697,693648.6278986353,1200111.6202488048
1698,693649.1215917749,1200111.18807724
1699,693649.6378690014,1200110.7361359044
1700,693650.139059479,1200110.2974012825
1701,693650.6299378284,1200109.8676937427
1702,693648.6219812318,1200111.4036419396
1703,693649.0782543606,1200110.9380795136
1704,693649.5397440639,1200110.4671943083
1705,693649.9996455829,1200109.9979296213
1706,693650.5608488257,1200109.4253008014
1707,693648.5137192298,1200111.2806728317
1708,693648.9307027507,1200110.785324521
1709,693649.3522083339,1200110.284604305
1710,693649.7902200057,1200109.7642759685
1711,693650.2180093479,1200109.2560910704
1712,693648.396356896,1200111.1668895488
1713,693648.778605017,1200110.6366986106
1714,693649.1621349622,1200110.1047297393
1715,693649.5803046809,1200109.5247143426
1716,693649.9626545339,1200108.9943822986
1717,693648.2822702992,1200111.0493697019
1718,693648.6273969883,1200110.4855283762
1719,693648.9614724433,1200109.9397417032
1720,693649.2979594064,1200109.3900152945
1721,693649.6414179847,1200108.8288991994
1722,693649.9841694292,1200108.268938365
1723,693650.3290876045,1200107.705437693
1724,693650.6701437407,1200107.1482465223
1725,693651.0208731064,1200106.5752519763
1726,693651.3598078408,1200106.021526588
1727,693651.6993318534,1200105.4668384823
1728,693652.0354199205,1200104.9177637594
1729,693652.3737109816,1200104.3650899546
1730,693652.715256672,1200103.807098988
1731,693653.058080643,1200103.2470196653
1732,693648.3776131436,1200110.7648502854
1733,693648.6991747242,1200110.2013847027
1734,693649.0407407351,1200109.6028657781
1735,693649.3965882816,1200108.9793216197
1736,693649.717978518,1200108.4161562799
1737,693650.0373211916,1200107.8565788409
1738,693650.3682210287,1200107.2767500281
1739,693650.6900824615,1200106.7127590207
1740,693651.0140257258,1200106.1451200638
1741,693651.3442915895,1200105.5664021492
1742,693651.6613039826,1200105.0109080118
1743,693651.994525533,1200104.4270109097
1744,693652.3164640707,1200103.862884793
1745,693652.6385825197,1200103.2984434215
1746,693652.9712729033,1200102.715477072
1747,693653.305205532,1200102.1303339624
1748,693653.6270840992,1200101.5663129308
1749,693653.9570329762,1200100.9881504653
1750,693654.2852341428,1200100.4130504758
1751,693654.6013212774,1200099.8591776493
1752,693648.5323211292,1200110.6604293135
1753,693648.872962218,1200110.113039203
1754,693649.2276107065,1200109.5431400284
1755,693649.6221675827,1200108.9091104316
1756,693649.9679344363,1200108.3534835197
1757,693648.17493776,1200111.244114112
1758,693648.516508839,1200110.698016665
1759,693648.8554993485,1200110.1560449838
1760,693649.195234952,1200109.6128820602
1761,693649.5478461433,1200109.049133888
1762,693648.1620627575,1200111.158245813
1763,693648.4856218208,1200110.6097413988
1764,693648.8140569555,1200110.0529709614
1765,693649.1395629706,1200109.5011660317
1766,693649.4745429927,1200108.933300558
1767,693648.0528934613,1200111.046849318
1768,693648.3406812085,1200110.4728042511
1769,693648.6238225263,1200109.908027334
1770,693648.9083034243,1200109.34057838
1771,693649.1967647889,1200108.7651896605
1772,693648.0443616892,1200110.9343837684
1773,693648.3231447751,1200110.3399041966
1774,693648.5924639641,1200109.765605524
1775,693648.8954317597,1200109.1195542587
1776,693649.170485766,1200108.5330266096
1777,693647.8310971125,1200110.601952304
1778,693648.0089554868,1200109.992390039
1779,693648.1916878693,1200109.3661234076
1780,693648.378440593,1200108.7260781259
1781,693648.5568951034,1200108.1144727631
1782,693647.9196603966,1200110.2684898234
1783,693648.1001629455,1200109.6408677003
1784,693648.2756564945,1200109.0306622789
1785,693648.4520428297,1200108.4173525674
1786,693648.6275786686,1200107.8070001008
1787,693648.4559868851,1200110.26384459
1788,693648.7721729823,1200109.7041070685
1789,693649.093485113,1200109.135295039
1790,693649.4129939486,1200108.5696753447
1791,693649.7270928987,1200108.0136326556
1792,693648.7044614073,1200109.950218931
1793,693649.0267929022,1200109.4158846869
1794,693649.3583606328,1200108.866239382
1795,693649.7198870352,1200108.266931092
1796,693650.0612250399,1200107.7010894425
1797,693648.3945578028,1200109.9378299515
1798,693648.6520219041,1200109.359499039
1799,693648.9114127199,1200108.7768402277
1800,693649.1700947799,1200108.1957734649
1801,693649.4442249613,1200107.580006229
1802,693648.3743005213,1200110.2564014741
1803,693648.6566750414,1200109.6994752814
1804,693648.9535684937,1200109.1139134536
1805,693649.2372261178,1200108.5544565998
1806,693649.5368919912,1200107.9634267366
1807,693648.2698851889,1200110.4823911467
1808,693648.5616196089,1200109.9127889993
1809,693648.850287428,1200109.349174292
1810,693649.1410073334,1200108.7815529518
1811,693649.4416494985,1200108.194558716
1812,693648.1600794125,1200110.5957584395
1813,693648.447945891,1200110.0035900534
1814,693648.7257237973,1200109.4321748079
1815,693649.0285134154,1200108.8093081221
1816,693649.3074245384,1200108.2355617434
1817,693648.2625538846,1200110.705085204
1818,693648.5728189909,1200110.1585516399
1819,693648.896986469,1200109.5875289768
1820,693649.2094912176,1200109.0370502714
1821,693649.5229415928,1200108.48490584
1822,693648.482115964,1200110.8228641187
1823,693648.8480513793,1200110.319420795
1824,693649.2148645977,1200109.8147698152
1825,693649.5946673298,1200109.2922482393
1826,693648.6975889067,1200110.9575033875
1827,693649.1181141989,1200110.500157421
1828,693649.5442525427,1200110.0367069312
1829,693649.9724886937,1200109.5709749528
1830,693650.397799254,1200109.108424726
1831,693650.8249581526,1200108.6438643227
1832,693651.2509150644,1200108.1806111508
1833,693651.6841405946,1200107.7094529292
1834,693652.1204164497,1200107.2349773
1835,693652.5887717454,1200106.7256133943
1836,693653.0166336929,1200106.260288384
1837,693648.6973653946,1200110.8624183408
1838,693649.1036796187,1200110.3935634457
1839,693649.5288403162,1200109.9029611917
1840,693649.9461847559,1200109.4213782891
1841,693650.369902452,1200108.932441146
1842,693650.7822073185,1200108.4566735176
1843,693651.1894398163,1200107.9867590065
1844,693651.6165026521,1200107.4939618334
1845,693652.0300756107,1200107.0167309255
1846,693648.666743878,1200110.7783669187
1847,693649.0541124154,1200110.2979188443
1848,693649.4451892782,1200109.8128713828
1849,693649.8566984916,1200109.3024819472
1850,693650.287658133,1200108.7679684032
1851,693650.686569486,1200108.273203927
1852,693651.0894920982,1200107.7734643396
1853,693651.4783544118,1200107.2911635544
1854,693651.8699953578,1200106.805416468
1855,693652.2915327188,1200106.2825892535
1856,693652.6841660336,1200105.7956113452
1857,693653.0753264644,1200105.3104602357
1858,693653.473757302,1200104.8162917364
1859,693653.8601439167,1200104.337061528
1860,693654.2541247639,1200103.848412293
1861,693654.6470505664,1200103.3610716162
1862,693655.0384094708,1200102.8756743423
1863,693655.4286819926,1200102.3916244945
1864,693655.8174502922,1200101.9094403135
1865,693656.2155155203,1200101.415725275
1866,693648.9018505634,1200111.2513628062
1867,693649.3836922918,1200110.8653782143
1868,693649.8713657683,1200110.4747220369
1869,693650.3529107485,1200110.0889751583
1870,693650.8396810781,1200109.6990424565
1871,693648.6270234258,1200112.5858415863
1872,693649.2351225497,1200112.406861897
1873,693649.8485071528,1200112.2263265513
1874,693650.4639173286,1200112.0451950259
1875,693651.134650963,1200111.8477803401
1876,693648.4198284087,1200113.516304154
1877,693649.0344937668,1200113.5688311767
1878,693649.6818216298,1200113.6241494159
1879,693650.2996531674,1200113.6769470086
1880,693650.9175831355,1200113.7297530128
1881,693647.9916027677,1200113.1406727785
1882,693648.6055064076,1200113.0987551538
1883,693649.222967721,1200113.0565946095
1884,693649.8401995072,1200113.0144497375
1885,693650.4560705242,1200112.9723977796
1886,693647.6626075611,1200112.3580663546
1887,693648.2227545581,1200112.1017303616
1888,693648.7818126746,1200111.845892665
1889,693649.3440479357,1200111.5886010348
1890,693649.9254057289,1200111.3225584994
1891,693647.5388437223,1200112.0900357394
1892,693648.0626897737,1200111.7610628738
1893,693648.6067573646,1200111.4193909762
1894,693649.1311027133,1200111.0901045543
1895,693649.7088728698,1200110.7272676034
1896,693647.3195543494,1200111.961723131
1897,693647.8072764733,1200111.5826031896
1898,693648.3024984398,1200111.1976534126
1899,693648.7866836328,1200110.821282826
1900,693649.2978217885,1200110.4239609533
1901,693649.7982587918,1200110.0349573833
1902,693650.302103641,1200109.6433048001
1903,693650.7993651516,1200109.256769629
1904,693651.2823498533,1200108.8813322175
1905,693651.7704721409,1200108.501901218
1906,693647.4906402768,1200111.785298411
1907,693647.9631558446,1200111.4060210143
1908,693648.4398269875,1200111.023408033
1909,693648.9250888603,1200110.6338994699
1910,693647.5085640558,1200111.6373355563
1911,693647.966523117,1200111.233154759
1912,693648.4253607568,1200110.828198555
1913,693648.889372248,1200110.4186760664
1914,693649.3456473671,1200110.0159814656
1915,693649.8689140994,1200109.5541620958
1916,693647.6446317752,1200111.3893234304
1917,693648.091805078,1200110.9588591987
1918,693648.5345078179,1200110.532698483
1919,693648.9940161288,1200110.090360153
1920,693647.6171183205,1200111.2987564679
1921,693648.0560016708,1200110.8434459579
1922,693648.4791784465,1200110.4044299107
1923,693648.9140647831,1200109.9532660202
1924,693649.334043948,1200109.5175672686
1925,693649.7555993999,1200109.0802332305
1926,693650.2058883128,1200108.613090254
1927,693650.6539479054,1200108.1482600397
1928,693651.1163854877,1200107.6685136757
1929,693651.5393483387,1200107.2297195601
1930,693647.6961538272,1200111.102445305
1931,693648.1075496653,1200110.6444441148
1932,693648.5101054854,1200110.1962843917
1933,693648.9215013235,1200109.7382832014
1934,693649.349420862,1200109.261886408
1935,693647.629794829,1200110.94854738
1936,693647.9984760532,1200110.4747923098
1937,693648.3896527113,1200109.9721306257
1938,693648.7577291664,1200109.4991526837
1939,693649.1329736244,1200109.0169638637
1940,693647.7282545617,1200110.8363090008
1941,693648.116836972,1200110.34094193
1942,693648.499639393,1200109.8529432223
1943,693648.868742941,1200109.3824079158
1944,693649.2575740599,1200108.8867237896
1945,693647.7326599889,1200110.6170119022
1946,693648.0803028486,1200110.116103251
1947,693648.4190816687,1200109.6279665409
1948,693648.7605123598,1200109.1360088256
1949,693647.6117124412,1200110.3001916842
1950,693647.8868337243,1200109.770827321
1951,693648.1718281532,1200109.2224659128
1952,693648.4492175914,1200108.6887373638
1953,693648.7272667218,1200108.1537394926
1954,693647.6104199702,1200110.0562062443
1955,693647.8863641323,1200109.4530623558
1956,693648.1438261049,1200108.8903158414
1957,693648.3928282027,1200108.3460604663
1958,693648.643038854,1200107.7991634996
1959,693647.7147489322,1200109.9387701193
1960,693647.9862769108,1200109.375859147
1961,693648.2472506507,1200108.8348284124
1962,693648.5112388928,1200108.2875482433
1963,693648.7794321218,1200107.7315506178
1964,693647.8267361473,1200109.8288048583
1965,693648.0996481547,1200109.2965854802
1966,693648.3786329834,1200108.7525231892
1967,693648.6524500747,1200108.2185387616
1968,693648.9293035767,1200107.6786328775
1969,693649.2043907052,1200107.142171687
1970,693649.4765728061,1200106.611375736
1971,693649.7480468978,1200106.0819605093
1972,693650.0240829046,1200105.5436488634
1973,693650.3091697509,1200104.987686722
1974,693647.766764225,1200109.7442579404
1975,693648.0451985085,1200109.142088677
1976,693648.2946497152,1200108.6026010558
1977,693648.5421401641,1200108.067353961
1978,693647.9253733166,1200109.8414746067
1979,693648.2216260203,1200109.318307665
1980,693648.5163879271,1200108.797773393
1981,693648.812146314,1200108.2754793894
1982,693649.1084539418,1200107.7522154544
1983,693648.0496125646,1200109.939888697
1984,693648.3745619565,1200109.4498463413
1985,693648.7034294708,1200108.953895232
1986,693649.0448683598,1200108.438985767
1987,693649.3711179359,1200107.9469826592
1988,693648.164086469,1200110.0546859533
1989,693648.5270595981,1200109.5836083596
1990,693648.892986957,1200109.1086966766
1991,693649.256318468,1200108.6371539638
1992,693649.6234565767,1200108.1606709326
1993,693648.2779304547,1200110.170384833
1994,693648.669717959,1200109.730302024
1995,693649.141771913,1200109.20005839
1996,693649.5341388445,1200108.7593247283
1997,693649.9303194594,1200108.3143072738
1998,693648.3941487591,1200110.0686766016
1999,693648.7956210603,1200109.6253305618
2000,693649.186401166,1200109.1937919182
2001,693649.5930231345,1200108.7447590986
2002,693649.9936353882,1200108.3023628097
2003,693648.2892493613,1200110.1751140621
2004,693648.6826133375,1200109.7383042418
2005,693649.0801198783,1200109.2968943233
2006,693649.4859009803,1200108.8462959437
2007,693648.1673026365,1200110.08331814
2008,693648.5371830551,1200109.613094982
2009,693648.9033971399,1200109.1475327765
2010,693649.2750034655,1200108.6751155
2011,693649.6461319976,1200108.2033056351
2012,693648.0659584627,1200110.169245399
2013,693648.4294179685,1200109.695749354
2014,693648.7882472337,1200109.2282853443
2015,693649.1807631768,1200108.7169360917
2016,693649.543110658,1200108.244888734
2017,693647.849268372,1200110.1691036406
2018,693648.1832923843,1200109.6586375325
2019,693648.5035213614,1200109.1692534352
2020,693648.8303595631,1200108.669768911
2021,693649.1518794044,1200108.1784120742
2022,693647.730755303,1200110.058486308
2023,693648.0248357778,1200109.5319310369
2024,693648.3107063307,1200109.0200757477
2025,693648.6050086953,1200108.49312318
2026,693648.889004662,1200107.984624364
2027,693647.5093313642,1200110.0503772763
2028,693647.7551742971,1200109.5035129027
2029,693647.9951465458,1200108.9697075502
2030,693648.2359152549,1200108.4341305145
2031,693648.480351536,1200107.8903951624
2032,693648.722809512,1200107.3510604433
2033,693648.9651904113,1200106.8118971775
2034,693649.2106608064,1200106.2658614945
2035,693649.4709299504,1200105.6869067908
2036,693647.5276474789,1200109.8715693022
2037,693647.7535082675,1200109.333419222
2038,693647.986247758,1200108.778879515
2039,693648.2131240317,1200108.2383098763
2040,693648.4412817507,1200107.6946869856
2041,693648.6744201818,1200107.139196738
2042,693648.8978268816,1200106.6068939234
2043,693649.1239657197,1200106.068081345
2044,693649.3505095429,1200105.5283038237
2045,693649.5773737273,1200104.9877629895
2046,693649.8042620901,1200104.4471645467
2047,693650.0323230963,1200103.90377209
2048,693650.2558385981,1200103.3712100373
2049,693650.4809438175,1200102.8348602236
2050,693650.7139674021,1200102.2796436164
2051,693650.9406139827,1200101.7396212588
2052,693651.1741997108,1200101.1830652533
2053,693651.4008825588,1200100.642956483
2054,693651.6502808391,1200100.0487244988
2055,693651.9027316188,1200099.447219438
2056,693652.1301095905,1200098.9054544223
2057,693652.352911835,1200098.374591821
2058,693652.5792017869,1200097.8354191894
2059,693652.8165834947,1200097.2698186447
2060,693653.0440581791,1200096.727823195
2061,693653.2830537827,1200096.158377281
2062,693653.506400037,1200095.6262184877
2063,693653.7314992119,1200095.089883076
2064,693653.9596811091,1200094.546202577
2065,693654.1853907838,1200094.00841255
2066,693654.4096920777,1200093.4739782198
2067,693654.6351055694,1200092.9368938974
2068,693654.8614378332,1200092.3976204507
2069,693655.0900065819,1200091.8530182152
2070,693647.701806866,1200109.3361502835
2071,693647.9141468011,1200108.8000452127
2072,693648.1270444323,1200108.2625320994
2073,693648.3425825838,1200107.718352335
2074,693648.5563110684,1200107.1787415254
2075,693648.7896044418,1200106.5897342793
2076,693648.9991502059,1200106.06068379
2077,693649.2208287049,1200105.501001188
2078,693649.4406178662,1200104.94608869
2079,693649.656275524,1200104.4016072021
2080,693649.8718421293,1200103.8573555988
2081,693650.0920239541,1200103.3014517238
2082,693650.3113806165,1200102.7476311773
2083,693650.5223889101,1200102.2148881678
2084,693650.7389912367,1200101.668021628
2085,693650.9631850588,1200101.1019884662
2086,693651.173641347,1200100.5706391316
2087,693651.3893900572,1200100.0259277592
2088,693651.5985431577,1200099.4978686469
2089,693651.8119245049,1200098.959134272
2090,693652.0277301229,1200098.4142792218
2091,693652.2389148305,1200097.881090811
2092,693652.4661987441,1200097.3072559433
2093,693652.678675258,1200096.770806046
2094,693652.8932630498,1200096.2290257013
2095,693653.125953201,1200095.6415414403
2096,693653.3399206982,1200095.101327184
2097,693653.5543776022,1200094.559877298
2098,693653.7748382752,1200094.0032694018
2099,693647.6606483582,1200109.5099557755
2100,693647.8799397381,1200108.9739456826
2101,693648.0956843455,1200108.446604904
2102,693648.3203944055,1200107.8973500258
2103,693648.5372807027,1200107.3672186346
2104,693647.4985116383,1200109.8173402476
2105,693647.7102673079,1200109.2775513062
2106,693647.9203826286,1200108.7419437983
2107,693648.1392520567,1200108.1840210888
2108,693648.3488875474,1200107.6496367212
2109,693648.5663677003,1200107.0952554299
2110,693648.7768345244,1200106.5587519004
2111,693648.9910005028,1200106.0128188117
2112,693649.2014226915,1200105.476429063
2113,693649.4108796407,1200104.9424998173
2114,693649.623444326,1200104.4006486041
2115,693649.8540528506,1200103.8128016216
2116,693650.0702776344,1200103.261620407
2117,693650.2886616532,1200102.7049350603
2118,693650.5002610991,1200102.1655443506
2119,693650.7108395115,1200101.62875637
2120,693650.9288385503,1200101.0730523802
2121,693651.1363371237,1200100.5441152544
2122,693651.3486116793,1200100.0030036145
2123,693651.5538394293,1200099.479855072
2124,693651.7654556135,1200098.9404216947
2125,693651.9771499095,1200098.4007892013
2126,693652.2017940358,1200097.8281461387
2127,693652.4089411058,1200097.3001050344
2128,693652.6179238044,1200096.7673847068
2129,693652.8350412953,1200096.213927882
2130,693653.0417475912,1200095.6870103602
2131,693653.2508139812,1200095.1540766943
2132,693653.4643383265,1200094.6097792003
2133,693653.670838184,1200094.0833879134
2134,693653.8829732541,1200093.5426318375
2135,693654.1105242574,1200092.9625788196
2136,693654.3258061195,1200092.4138012182
2137,693654.5332433193,1200091.8850205406
2138,693654.7400667829,1200091.357804345
2139,693654.9588636787,1200090.8000665286
2140,693655.1668197644,1200090.2699631527
2141,693655.3788320873,1200089.7295199733
2142,693655.5909057838,1200089.1889203456
2143,693655.8010713191,1200088.6531848346
2144,693656.0183729307,1200088.0992586652
2145,693656.2287393252,1200087.563011142
2146,693656.4479435185,1200087.0042350786
2147,693656.6557433804,1200086.4745299343
2148,693656.8673763028,1200085.9350538892
2149,693657.0804375564,1200085.391936868
2150,693657.2913563133,1200084.854281311
2151,693647.8766255663,1200109.1201414585
2152,693648.1103063242,1200108.5913049807
2153,693648.3483967268,1200108.0524891575
2154,693648.5747605156,1200107.5402115106
2155,693648.8212870246,1200106.9823041675
2156,693649.047571744,1200106.4702054604
2157,693649.2746958163,1200105.9562072367
2158,693649.5037236388,1200105.4379006887
2159,693649.7308902871,1200104.9238061127
2160,693649.9679771154,1200104.387261451
2161,693650.1942314234,1200103.875231567
2162,693650.4224807156,1200103.3586868898
2163,693650.6571832945,1200102.8275379566
2164,693650.889495542,1200102.3017985171
2165,693651.1187423262,1200101.782996443
2166,693651.347618092,1200101.2650340104
2167,693651.5812927677,1200100.736211297
2168,693651.8084472514,1200100.2221442503
2169,693652.0397437601,1200099.6987035011
2170,693652.2674152367,1200099.1834664622
2171,693652.4995936743,1200098.658029844
2172,693652.7308415248,1200098.134699212
2173,693652.9607451939,1200097.6144105594
2174,693653.186798787,1200097.1028349078
2175,693653.4455263268,1200096.5173157486
2176,693653.6742622004,1200095.999669902
2177,693653.8999265283,1200095.4889751857
2178,693654.1280663396,1200094.9726782714
2179,693654.3571671493,1200094.454206548
2180,693654.5864686739,1200093.9352805924
2181,693654.8156850467,1200093.4165473415
2182,693655.0454001655,1200092.8966853921
2183,693655.2765385351,1200092.373602523
2184,693655.5067402355,1200091.8526394046
2185,693655.7454449473,1200091.3124333555
2186,693655.9785600542,1200090.7848769869
2187,693656.211352801,1200090.2580501428
2188,693656.4394926123,1200089.7417532285
2189,693656.667778398,1200089.2251259633
2190,693656.9022498508,1200088.6945000857
2191,693657.1296111317,1200088.179965042
2192,693657.357933411,1200087.6632551893
2193,693657.5852338693,1200087.1488577917
2194,693657.8253375028,1200086.6054858812
2195,693658.0819058373,1200086.0248531601
2196,693658.3098631805,1200085.5089691842
2197,693658.5369081835,1200084.9951499004
2198,693658.7646161537,1200084.4798302737
2199,693658.9945137405,1200083.9595553859
2200,693659.2369103893,1200083.4109942159
2201,693659.4684441064,1200082.8870166468
2202,693659.6986153953,1200082.3661223513
2203,693659.92837309,1200081.8461640496
2204,693660.1573826657,1200081.3278987955
2205,693660.3881560992,1200080.8056418032
2206,693660.6177739018,1200080.2860000876
2207,693660.8497151309,1200079.7611002894
2208,693648.0927176783,1200109.2855541995
2209,693648.3743991224,1200108.8045834114
2210,693648.656364151,1200108.3231284032
2211,693648.9390978428,1200107.8403609034
2212,693649.2185628506,1200107.363174678
2213,693647.1985984608,1200110.781073627
2214,693647.481536854,1200110.2903133596
2215,693647.7962438458,1200109.7444500506
2216,693648.0699068968,1200109.269777983
2217,693646.7355123579,1200111.2660553278
2218,693646.977236627,1200110.7715324222
2219,693647.2232346314,1200110.2682662492
2220,693647.4713824148,1200109.7606020276
2221,693647.7248626836,1200109.2420285328
2222,693646.9376983158,1200111.3743428667
2223,693647.2522184285,1200110.8652824317
2224,693647.5515039009,1200110.3808797286
2225,693647.8493777586,1200109.8987617672
2226,693648.1396458667,1200109.4289539445
2227,693647.1634334361,1200111.4896695726
2228,693647.508113761,1200111.0476217498
2229,693647.8578839785,1200110.5990462091
2230,693648.199636489,1200110.1607532685
2231,693647.164098783,1200111.8355408786
2232,693647.5422317563,1200111.4312807678
2233,693647.9222934694,1200111.0249586506
2234,693648.2997968539,1200110.6213716299
2235,693648.7177837912,1200110.174503841
2236,693647.7120582205,1200111.8410416516
2237,693648.163090542,1200111.4992869978
2238,693648.6138201337,1200111.1577617275
2239,693649.0464907346,1200110.8299200535
2240,693649.4864850654,1200110.4965290679
2241,693647.948353293,1200111.8532590633
2242,693648.4028750183,1200111.552886115
2243,693648.8643086961,1200111.247945368
2244,693649.320302862,1200110.9465993498
2245,693648.1555257569,1200111.8692731413
2246,693648.6324126702,1200111.5897525463
2247,693649.1146539092,1200111.3070935882
2248,693649.5897183408,1200111.0286412153
2249,693650.0657254353,1200110.7496363136
2250,693650.538891972,1200110.4722963653
2251,693651.005145647,1200110.1990082941
2252,693651.4900012047,1200109.9148169896
2253,693651.961005901,1200109.6387441738
2254,693652.4413366764,1200109.3572050072
2255,693648.3606428367,1200111.8198325164
2256,693648.8321402429,1200111.5606464788
2257,693649.3070976204,1200111.2995584663
2258,693649.7830344752,1200111.0379320271
2259,693650.2637669519,1200110.7736693947
2260,693648.1847951732,1200111.8640623726
2261,693648.6542709959,1200111.5940243045
2262,693649.1280301966,1200111.3215224778
2263,693649.6000308258,1200111.050032165
2264,693650.1030325608,1200110.760710308
2265,693648.1798944284,1200111.7560072462
2266,693648.6397819902,1200111.4662954784
2267,693649.111115327,1200111.1693733055
2268,693649.5861088635,1200110.870145345
2269,693647.9512259713,1200111.865176409
2270,693648.4050731688,1200111.5713800734
2271,693648.8768695366,1200111.2659644077
2272,693649.3284003208,1200110.973667594
2273,693649.811887905,1200110.6606836617
2274,693647.7451160257,1200112.1798623053
2275,693648.2547531205,1200111.8943806754
2276,693648.7289491247,1200111.6287519573
2277,693649.2006288996,1200111.3645327466
2278,693649.6730006376,1200111.0999259215
2279,693647.634276147,1200112.4080668027
2280,693648.1155299852,1200112.175986074
2281,693648.5989620879,1200111.9428548948
2282,693649.0918981662,1200111.7051405013
2283,693647.2964755085,1200112.8554746811
2284,693647.8178618745,1200112.6700567636
2285,693648.32553111,1200112.4895169977
2286,693648.8320493525,1200112.3093865535
2287,693649.3374301428,1200112.1296606155
2288,693646.8784093886,1200113.1890098692
2289,693647.4141742903,1200113.041174566
2290,693647.9306215105,1200112.8986696517
2291,693648.4521989095,1200112.754749151
2292,693648.9893189527,1200112.6065399193
2293,693646.336969723,1200113.3077581997
2294,693646.8665211074,1200113.1546448956
2295,693647.4361375062,1200112.9899472827
2296,693647.9512610842,1200112.8410056024
2297,693648.464129028,1200112.692716111
2298,693645.4709863041,1200113.7353413336
2299,693645.9903045251,1200113.624275174
2300,693646.5174319376,1200113.5115388692
2301,693647.0429947178,1200113.399137191
2302,693644.8965377486,1200113.9692024565
2303,693645.4186140167,1200113.8823831503
2304,693645.9527046512,1200113.7935659003
2305,693646.5007651518,1200113.7024255146
2306,693647.046560649,1200113.6116617904
2307,693644.7897294281,1200114.0830878832
2308,693645.3194850355,1200114.016390126
2309,693645.871022451,1200113.9469499765
2310,693646.4236051672,1200113.8773782207
2311,693644.5588693282,1200114.1978034046
2312,693645.0962730212,1200114.149976571
2313,693645.6475808223,1200114.100912326
2314,693646.1778059177,1200114.0537243595
2315,693646.7576865195,1200114.0021172466
2316,693644.1420375741,1200114.6307450351
2317,693644.6731717482,1200114.6705333265
